23 0 1 2 3 4 5 6 7 8 9 10 11 12 13 14 15 16 17 18 19 20 21 22
2 23 24
3 25 26 27
9 28 29 30 31 32 33 34 35 36
9 37 38 39 40 41 42 43 44 45
16 46 47 48 49 50 51 52 53 54 55 56 57 58 59 60 61
39 62 63 64 65 66 67 68 69 70 71 72 73 74 75 76 54 77 78 79 80 81 82 83 84 85 86 87 88 89 90 91 92 93 94 95 96 97 98 99
11 100 101 102 103 104 105 106 107 108 109 110
10 111 112 113 114 115 116 117 118 119 95
7 120 121 122 34 123 124 125
3 126 127 128
2 129 130
8 131 132 133 134 135 136 44 137
4 138 139 140 141
5 142 143 144 145 146
11 147 148 149 150 151 152 153 154 119 155 156
6 157 158 159 160 161 162
62 163 164 165 166 167 168 169 170 171 172 173 174 175 176 103 177 178 105 179 180 181 182 183 184 185 186 106 187 188 189 190 191 153 119 192 193 194 195 196 197 198 199 200 201 202 203 204 205 206 207 208 209 210 211 212 213 214 215 216 217 218 219
16 149 170 220 221 222 223 224 225 153 226 227 228 202 229 230 36
6 231 232 233 234 235 236
5 237 238 239 240 241
12 242 243 244 245 246 247 248 249 250 251 252 253
7 254 31 255 256 257 258 259
4 260 261 262 263
5 264 265 266 267 268
79 62 269 270 271 272 273 274 275 276 1 277 278 279 3 280 281 282 4 283 284 285 286 72 175 287 288 289 6 290 291 292 293 294 295 296 297 298 299 300 301 302 7 303 304 8 305 185 306 307 308 309 80 310 311 312 10 313 314 119 315 12 316 317 13 14 318 16 156 319 320 321 322 323 20 324 325 215 45 326
7 327 328 329 330 331 332 333
5 334 335 336 337 338
7 339 340 341 342 343 344 345
16 346 347 348 349 350 351 352 353 354 355 356 357 137 358 359 360
13 361 362 363 364 365 366 367 368 44 369 370 371 372
15 373 347 70 374 375 376 377 378 379 380 381 382 383 384 385
4 386 387 388 389
7 390 391 392 393 394 395 396
2 397 398
10 399 400 401 402 103 403 404 405 406 407
4 261 408 409 410
25 411 412 413 414 288 75 415 416 417 418 419 420 421 422 423 424 425 426 427 428 429 430 431 432 433
4 434 435 436 437
9 438 439 440 441 355 442 443 444 137
13 270 445 38 294 40 41 446 42 355 447 119 44 332
22 448 449 450 364 365 451 452 453 454 455 456 457 458 459 460 461 462 463 464 465 466 467
25 468 469 470 471 472 254 408 473 474 475 476 477 478 479 480 481 482 483 443 484 444 485 486 487 36
12 439 488 489 490 30 491 492 440 493 382 494 495
8 292 496 497 498 43 136 44 499
19 500 149 501 502 503 504 221 505 118 506 507 508 509 119 510 511 512 513 514
26 515 516 517 518 519 171 157 520 521 105 522 523 524 525 526 527 528 107 529 530 267 531 532 533 534 535
11 536 537 445 538 539 540 541 542 543 544 385
9 28 132 31 123 35 545 546 547 36
25 548 549 550 551 552 152 553 554 555 556 557 558 559 560 561 562 563 564 155 565 566 320 322 567 568
13 274 569 570 277 571 572 292 573 574 575 576 577 578
3 313 579 580
4 434 581 582 583
3 584 585 586
39 587 588 549 1 278 468 589 590 591 592 287 593 6 594 296 595 596 308 478 479 597 10 598 599 600 601 602 603 604 605 606 607 608 155 609 610 611 612 20
5 613 614 615 616 617
7 618 619 48 50 620 621 622
8 274 623 624 625 119 626 44 627
109 628 629 548 630 148 500 631 632 633 634 635 636 637 638 639 640 283 168 641 642 643 644 645 646 647 648 502 649 650 651 652 653 654 655 656 657 221 658 152 659 594 660 661 662 663 419 664 665 666 667 7 506 668 669 670 671 672 673 674 675 676 677 678 679 509 343 680 313 681 682 154 683 684 685 686 687 688 689 197 690 691 692 693 694 695 251 696 697 698 699 700 155 701 702 703 567 704 705 706 707 708 709 213 20 710 711 712 713 218
11 408 714 292 715 716 717 718 443 136 44 719
5 720 721 722 723 724
22 62 149 412 725 726 103 727 728 729 730 306 731 80 732 86 432 733 734 530 735 736 217
2 313 737
10 738 739 740 645 741 665 313 119 742 743
26 744 745 725 746 647 327 747 748 656 749 750 180 751 752 193 510 688 753 754 755 512 210 756 757 758 216
13 759 413 760 761 762 763 507 764 765 766 267 767 768
18 3 769 445 770 771 727 446 772 773 774 775 776 313 119 544 44 370 372
24 777 778 779 780 781 6 539 350 352 782 783 784 355 785 786 787 788 356 789 790 791 792 20 793
15 270 794 795 796 797 798 446 799 800 718 786 801 136 802 372
23 803 804 805 769 771 806 807 808 799 809 774 810 493 256 811 812 813 443 544 814 466 815 372
1 119
181 62 816 744 817 818 64 819 820 272 630 148 821 822 823 745 824 825 67 826 827 828 279 829 830 831 832 833 834 835 836 837 637 638 550 838 839 840 285 643 644 841 842 71 551 843 844 845 846 648 847 848 170 849 850 851 852 853 651 327 854 220 747 652 855 856 857 74 656 858 593 859 75 415 658 860 861 862 863 553 864 594 865 522 866 867 868 869 870 664 871 872 873 874 752 875 876 245 729 877 878 879 880 881 882 883 305 884 885 675 886 187 887 888 560 561 889 309 890 677 80 891 892 679 893 894 895 896 897 898 682 119 899 900 901 86 107 902 903 690 904 905 906 907 695 433 908 724 909 910 911 27 912 698 913 155 914 766 915 916 917 918 919 920 921 922 705 923 924 707 385 712 925 736 568 713 325 45 217 926 927 928
11 929 930 931 932 446 933 934 935 136 936 937
8 938 939 940 677 34 941 942 943
4 944 654 119 945
25 777 946 947 151 948 949 950 31 951 376 294 952 7 774 953 34 954 955 124 956 957 385 958 959 36
4 780 960 306 961
4 715 799 962 963
7 964 293 79 965 966 91 967
9 968 969 364 131 970 444 971 972 793
5 973 419 974 318 975
13 3 779 976 470 781 350 355 787 13 788 813 44 790
8 633 654 506 668 977 693 978 979
6 980 981 982 983 984 985
18 986 987 653 115 177 25 988 989 974 876 245 403 990 991 992 345 916 95
6 993 994 995 996 444 36
15 997 998 653 749 741 999 105 1000 55 7 1001 10 153 1002 1003
8 168 1004 1005 1006 1007 1008 203 1009
14 281 843 1010 1011 294 1012 1013 119 1014 955 1015 1016 617 385
1 1017
10 536 29 490 445 538 1018 1019 1020 1021 444
3 1022 1023 1024
3 1025 1026 1027
19 273 66 1028 1029 414 1030 1031 1032 1033 677 81 1034 1035 1036 91 94 743 1037 98
5 434 1038 435 1039 1040
6 1041 1042 1043 1044 1045 1046
5 1047 1048 1049 1050 1051
2 1052 1053
10 845 848 1054 1055 115 1056 80 1057 1058 1059
19 794 29 1060 537 770 538 292 1061 1062 1063 367 119 1064 543 136 44 464 395 372
117 271 111 1065 1066 112 1067 1068 1069 242 1070 1071 1072 1073 1074 1075 835 1076 836 1077 71 1078 592 649 244 851 1079 1080 72 1081 1082 1083 375 520 1084 1085 1086 115 727 117 1087 1088 293 76 1089 1090 1091 1092 1093 420 299 1094 1095 1096 1097 728 245 596 1098 1099 1100 1101 78 1102 80 991 1103 1104 10 1105 313 1106 1107 1108 1109 119 899 1110 1111 85 1112 1113 688 1114 1115 1116 26 1117 1118 1119 228 1120 89 203 1121 1122 1123 754 1124 1125 91 1126 1127 1128 94 967 922 1129 95 1130 1131 1132 1133 1134 1059 1135 1136 253
6 715 621 1137 1138 44 495
5 1139 893 1140 1141 1142
7 1143 1144 1145 1102 1146 1147 155
15 3 347 1148 1149 1150 222 1151 1152 1153 1154 1137 498 13 14 20
2 306 206
10 1155 1156 517 1157 10 1158 107 123 211 1132
36 261 794 1159 591 770 292 1160 118 797 715 446 1161 1162 1163 773 306 1164 1165 991 313 428 119 1166 1167 510 498 955 813 252 136 44 141 719 45 802 372
18 1168 537 453 1169 1170 715 350 1171 970 1172 353 1173 1174 1175 443 444 1176 137
13 126 1177 1178 1179 1180 454 1181 1182 1183 1184 1162 498 1185
3 653 1186 743
6 744 1187 868 506 306 710
8 292 118 1090 1188 1189 1124 98 1190
10 100 831 853 1191 1089 1192 528 1193 108 123
42 986 1194 242 1074 1195 243 1196 591 592 244 1079 72 1084 1197 117 76 1090 1093 1096 728 245 596 1198 1199 1100 78 248 991 1103 680 1107 1200 1201 1202 1115 1119 1123 916 1203 95 1204 1205
8 1206 1207 655 186 1208 1209 742 1210
10 6 1211 1153 1212 306 677 1213 494 20 943
7 1214 1179 1215 1162 1216 1185 465
4 261 348 352 1217
24 0 1218 278 4 171 1219 781 1150 1220 118 1221 772 186 1222 1223 14 1224 123 16 1225 1226 20 1227 326
2 23 1228
23 271 1229 588 1230 101 170 987 1191 103 1231 1232 1233 353 881 1234 990 1235 1236 1237 227 1238 1239 533
10 1240 113 1090 1241 1242 1243 1244 1245 252 253
10 1246 347 167 1247 379 1248 1249 385 958 1250
6 833 656 862 1251 1252 928
8 980 121 1253 1254 158 1105 985 1255
24 270 1256 347 1257 1258 232 144 1211 118 539 1259 337 1260 1261 1053 1262 1263 236 1264 1265 385 961 1266 1267
12 112 1268 1269 76 1106 119 1202 1252 1114 90 1123 92
8 769 1270 1271 1272 774 480 136 44
10 759 1273 115 1274 245 596 1100 916 1275 1276
6 1277 1278 1279 1280 1281 1282
3 822 1172 385
4 654 1220 663 10
4 120 1283 376 1223
16 1284 1285 1286 1287 1288 1289 799 809 540 774 1019 1290 1291 134 1292 235
23 1206 829 502 221 860 660 1293 667 506 668 306 1294 187 1295 249 10 1296 509 313 682 1297 1245 708
94 147 1065 1298 1299 411 759 1300 1301 69 242 1073 1074 1075 725 1302 726 842 71 592 244 72 1303 1304 1305 1306 593 75 1307 1030 115 727 1308 76 418 1092 1309 1093 299 1310 1311 728 329 596 422 1312 1313 730 1199 1049 1314 731 1315 1316 78 677 80 991 1317 1318 1103 1319 896 1107 1320 1321 1109 429 965 119 1111 1112 86 1322 1202 1323 902 904 1115 1116 1324 89 1325 916 1125 1326 611 920 93 1327 95 924 736 1328 928
4 633 1329 130 1330
3 1331 1332 1333
7 929 1334 1335 122 35 789 125
13 1336 105 952 1337 1097 308 1338 984 1339 1340 1341 1342 1343
13 614 1344 1345 1012 1346 616 1347 1348 338 1349 1350 1264 1266
8 3 1351 283 1221 9 1352 14 326
4 1353 1354 6 954
3 1355 1356 961
11 825 242 1357 592 73 748 115 76 1358 1107 1112
13 805 1359 1360 794 771 797 798 1361 800 718 1362 464 372
10 364 771 930 799 718 367 480 1363 136 370
8 826 74 1364 1365 429 1114 26 920
10 1366 1156 71 1367 139 1104 1275 141 1133 1368
18 100 592 1336 1369 1370 1371 1372 82 1107 602 1373 1193 331 1115 606 1275 1374 792
48 65 1069 242 1356 49 1375 845 592 1376 73 1055 1377 349 115 1197 999 1378 292 293 1379 1093 728 1372 245 596 1380 1381 78 991 1382 1103 82 1107 1383 1384 1373 1115 228 1385 1386 92 1387 742 95 1374 359 1388 1389
3 1390 1391 1392
8 1393 1394 1395 1396 105 1397 216 533
19 274 1398 1399 1400 118 1401 1402 306 1403 313 119 203 1404 332 1405 577 1227 45 1406
3 0 1407 16
28 242 1074 1408 115 1409 292 1274 118 1254 245 329 674 425 1410 891 1103 509 313 119 1411 1202 228 916 1275 406 97 1412 768
25 1413 1414 1415 1416 1417 1418 1419 1420 1171 625 1421 1422 1423 1424 1425 1426 1427 1428 1429 1167 1430 1431 626 1432 1433
32 997 825 794 1345 1434 142 771 944 615 1012 800 616 1435 1436 1437 1438 718 1261 1439 10 1440 1320 1441 1442 692 1443 267 1264 44 1444 1445 110
15 276 1446 725 1196 1447 299 245 596 119 1448 966 922 1449 1450 928
52 613 1451 1256 1178 1452 1344 618 1257 1453 1025 142 1454 1455 1456 1457 1458 1459 1460 1461 1462 1463 1346 1464 1026 616 1465 7 1466 1013 306 1467 1439 1468 1469 1347 1348 11 1470 145 1471 13 1472 146 702 1473 1474 1475 1266 1476 1477 1478 1479
4 1408 1480 58 1275
3 1481 387 496
1 1482
11 1139 1483 469 799 677 1484 1485 1340 1486 1487 1342
29 1488 628 1489 759 1490 1491 278 167 840 171 220 1492 1493 116 1494 105 750 523 247 1495 724 1496 1404 531 1497 1498 1499 708 219
9 1500 1501 1502 306 1503 381 1007 1008 1404
14 1504 1179 450 1287 1183 1505 799 809 1506 1291 1507 1508 44 372
7 649 653 313 1320 344 1509 1510
7 1511 1512 1513 1514 1183 256 1515
12 1516 968 1517 1518 1437 43 1519 1520 971 972 1521 372
20 986 1074 151 1080 117 1087 292 866 1522 329 1099 991 1103 1384 1523 1115 1124 406 1190 1205
71 147 1524 1525 411 1526 825 1028 1074 151 1356 1527 285 71 851 1336 1303 1528 1408 1207 74 1306 75 1307 1030 727 293 76 1529 417 1530 1531 299 77 728 1532 305 1099 78 1533 80 1534 1103 1535 82 191 83 1106 1107 1536 119 564 86 1117 1537 1538 1539 1540 90 1541 1275 91 1126 920 93 1542 95 1543 735 1544 97 1545
33 1065 49 590 71 845 1546 232 400 1547 1548 1232 1549 1550 1551 1371 138 404 509 1384 1193 1552 1523 1553 202 90 1275 742 1554 96 406 768 1190 1205
6 947 1391 539 123 1555 385
13 613 634 840 1556 1557 105 1558 299 1559 1560 607 207 1386
8 831 1180 30 1561 6 39 294 1024
6 1277 1562 1563 741 1564 1209
4 1565 1403 792 1478
6 1256 618 1453 1566 1466 385
4 1567 1568 1428 1433
2 1569 1570
3 381 382 1571
12 47 653 1186 1572 313 119 1573 13 1574 97 1575 45
3 1151 1576 1226
11 62 1577 1578 1579 1580 508 85 316 510 904 217
4 1581 1172 1582 1217
5 1583 866 677 578 1584
5 1585 1586 1514 44 1587
71 816 1524 630 148 1229 632 633 1301 412 1070 1072 1074 1077 1588 644 551 1589 1590 1079 72 854 747 858 1591 1592 1090 1092 1593 1594 1233 1595 299 1097 77 1596 1597 422 506 1532 884 730 1598 560 561 81 1338 1599 1600 1601 1602 1603 1604 1322 691 906 123 1605 911 90 698 754 1606 1607 916 918 1608 1609 922 612 1204 1610
24 1611 1214 1177 1178 1612 769 1613 452 1614 6 797 1615 1162 355 14 1616 1617 15 1618 1619 971 1620 1621 1622
4 1623 33 313 119
6 334 3 1460 1624 338 1625
54 1626 759 1627 1628 242 1629 113 71 1630 592 1079 747 652 73 328 292 76 1631 1090 1093 1097 596 1572 1099 306 1632 1633 1242 1410 80 991 1103 509 1107 1320 1244 1604 1634 1202 1115 1635 203 754 155 1275 1127 1636 1608 1637 1129 95 1638 1639 926
15 1640 1641 278 280 1413 1415 939 296 1153 1435 119 607 160 1642 1643
59 1393 147 817 1394 1644 1645 1395 549 1646 1647 68 1648 589 1074 835 643 842 854 1305 1269 653 1649 289 1650 1651 1030 103 1652 1653 299 872 874 1654 1655 1198 1598 1656 309 79 677 891 1365 313 1657 119 603 1658 908 1659 1660 917 1661 93 1542 1449 1662 923 1328 928
20 1628 1078 1079 1663 115 1664 1665 76 1090 1097 1381 1242 1666 1107 226 606 697 1667 1130 253
9 840 1551 1668 1669 1670 1671 1672 1276 407
8 0 1673 4 1674 1462 1338 11 16
15 1675 635 591 72 1676 596 225 1677 1115 1119 1123 267 742 1131 1678
12 500 1679 282 503 266 1466 10 1320 1680 692 1681 1682
13 1683 1218 3 1684 10 11 498 13 1685 1686 1226 1687 1688
3 633 1689 33
1 1690
31 1299 1067 997 1691 166 834 1076 1692 845 653 1548 1693 105 1694 1695 762 180 1522 1145 191 1696 680 193 1697 1188 405 1698 1699 17 1542 706
74 613 1700 1451 1256 1701 614 1702 1283 1452 1703 1704 1329 947 1257 1345 130 1453 1705 1566 1706 1707 843 1454 1457 1708 615 1709 1458 294 1710 1463 663 1402 1624 1466 1013 1711 306 1712 1261 1468 1713 954 1440 1347 119 409 1470 1441 1014 955 338 123 1714 1715 203 397 235 494 1404 1716 1016 1475 617 385 1476 1444 578 1575 1717 1227 45 1718 1719
2 1720 1721
9 1155 590 1196 1042 1722 507 1495 1723 1634
16 803 278 1724 445 1725 292 1726 1435 1164 342 1727 355 9 1728 119 14
117 1729 1730 270 1731 1732 274 1733 1734 1641 1735 1736 1737 1738 1 277 1739 1740 1741 1742 794 29 636 1743 1398 151 1744 364 1745 1746 1747 1748 1149 624 1749 1750 1353 1751 1752 771 287 1753 1754 1755 1219 1756 1725 387 1757 1758 806 454 1759 796 1514 292 1760 1221 797 1761 1332 1762 1726 1763 1764 1765 1766 1154 1271 1767 1768 1769 1770 493 342 9 1771 1772 1773 597 1774 1005 1728 1775 934 1776 119 1064 1777 1778 1779 1780 1781 461 1035 1782 574 13 1783 1617 1443 1036 15 1618 1784 1785 1786 1520 136 1543 464 627 1787 1788 499 1789 395 467
3 1790 56 1791
31 1627 1792 1041 489 1793 1794 1663 1653 974 1795 301 1260 1796 1797 8 186 33 1798 10 1799 1323 13 251 724 1496 1800 1499 1801 1802 1132 1803
24 1679 151 49 1399 930 999 1804 1805 1806 1807 542 1808 991 528 107 1223 935 1809 13 1128 1498 1133 1205 535
10 284 49 1810 420 992 1107 1193 1115 91 768
6 306 233 380 119 1811 235
9 739 1812 1813 1814 1573 267 967 742 1815
10 997 1456 105 1347 1816 498 1817 701 383 1717
6 1818 653 1463 7 10 13
7 151 1286 119 1811 235 1571 20
4 1819 123 1487 1820
10 348 1821 392 785 1582 359 547 1822 394 793
17 390 1823 1824 1825 1196 1399 1826 655 266 571 292 118 1827 573 1828 576 1829
9 1830 115 1722 898 900 1297 1831 1832 1833
7 3 1834 1835 1836 1555 1837 1838
7 471 472 1578 1289 1839 443 1840
11 804 1841 1023 1152 1842 1775 1555 1843 1844 1845 464
13 68 49 845 176 741 1522 82 1373 1193 1552 1120 742 1374
10 1741 1399 1846 452 387 1171 573 256 43 463
22 1640 275 1847 278 517 468 1848 1849 1850 1851 1221 1852 540 774 459 1853 605 1486 1854 19 1642 371
1 119
19 744 63 656 1591 658 1091 1337 880 884 249 191 1855 1856 510 910 1510 578 1204 253
4 1731 29 1857 1858
21 66 69 1527 1859 1078 1528 1531 1860 1861 1862 1863 425 427 1323 198 1864 87 1539 1325 91 1327
9 1590 654 507 1865 11 693 227 16 710
7 749 741 105 563 1866 609 1255
164 744 1867 1868 1869 273 500 631 588 745 1870 1871 824 1041 276 339 1872 68 828 1873 280 831 1874 1875 1148 834 1876 1877 1878 48 642 643 1879 647 845 648 1590 849 1880 1881 1882 552 503 327 1794 114 400 1547 1883 1306 1884 1548 1885 1886 1887 416 727 1888 1889 1890 594 293 1891 105 417 1091 1892 762 1893 297 869 419 664 555 874 752 1894 666 667 7 878 1895 507 304 186 672 1896 722 1294 887 621 1897 308 1137 1251 1898 1899 310 311 1684 1900 895 1901 681 1902 1903 1559 723 1855 1249 314 1856 119 1904 12 1697 1905 317 1202 1906 1576 510 1138 498 765 1907 1699 14 1908 1866 318 203 1909 530 913 1681 1910 766 1911 701 1045 1912 1326 210 567 1913 1914 212 1915 1916 513 706 1917 97 712 324 1037 1918 215 1276 1919 45 217 218 534
3 1825 306 510
11 100 1920 1921 170 887 1235 1236 1922 606 1472 533
7 1923 1851 1416 597 1775 813 1924
9 1925 1849 1852 960 481 1926 1927 1486 1928
11 270 472 118 1929 1402 1410 119 498 43 464 768
17 584 165 1930 1879 1375 1931 266 1932 1933 1808 313 1320 1202 1934 1935 1936 1719
9 1937 49 663 1938 1535 82 85 1939 742
2 1940 1547
9 1941 741 1211 350 1814 82 1942 1555 1943
13 271 840 1944 1945 1880 853 401 1447 876 1946 203 211 533
3 1947 1948 1116
8 292 1401 1402 306 428 1949 119 45
4 37 1172 1950 1951
15 1074 1378 1952 419 420 1953 895 1383 89 1954 922 96 1131 1389 99
10 488 1955 1956 33 1235 379 380 785 786 959
8 1957 1958 1959 1950 1228 1960 1961 123
2 1172 1962
17 1640 1963 1218 489 1964 1965 1966 1967 9 459 801 1968 1167 1969 605 608 20
7 1179 1755 1842 1970 1555 1843 1185
3 1971 1972 1973
14 62 1611 1974 1612 1413 1825 1975 1769 306 1976 1977 1685 1036 1837
4 1978 1774 1005 462
44 820 1299 165 740 1074 1957 726 1375 624 244 1826 653 415 115 25 299 729 302 880 1979 886 1381 991 1103 1319 1383 1320 1980 86 331 1981 1982 1116 1539 700 1983 1543 1405 1412 768 1059 1984 1985 1719
7 454 1986 1582 1987 1845 1988 1989
4 1990 149 313 119
20 1991 969 795 976 1022 453 131 132 440 1992 715 1333 716 1993 1174 1839 443 137 1994 1988
6 1990 6 292 1856 119 1035
4 1995 1996 610 568
3 280 1215 119
19 274 278 1398 1997 118 1998 1402 1999 306 313 119 1686 203 332 162 577 333 1227 45
3 184 2000 2001
12 49 2002 292 76 306 1410 732 906 1681 2003 267 742
2 677 1477
8 1990 2004 1329 1821 1962 2005 1582 394
289 2006 147 271 1065 817 818 1394 2007 2008 2009 65 2010 2011 1068 411 515 1627 2012 986 824 1069 2013 149 2014 1675 825 2015 165 2016 1300 516 1491 1301 2017 827 2018 412 1028 2019 517 830 1070 2020 833 2021 1357 835 1076 2022 2023 836 1195 2024 2025 840 2026 1859 71 591 1589 2027 2028 845 2029 592 848 2030 2031 2032 173 1881 851 1080 72 853 413 1081 1303 1528 854 1082 747 2033 73 1304 721 288 1663 2034 1055 75 1884 2035 964 2036 2037 2038 115 2039 1409 2040 2041 1088 1664 1378 1592 292 864 2042 865 2043 76 2044 2045 1367 418 295 866 868 2046 1892 1593 1093 2047 1594 1531 2048 595 420 298 1096 1401 2049 2050 1998 974 1522 728 1372 245 2051 877 2052 524 341 302 2053 596 422 1532 1863 2054 2055 880 2056 525 1668 224 884 730 2057 1380 1953 1033 2058 2059 225 1314 731 1633 1165 1241 2060 2061 78 79 1358 1410 80 991 2062 891 1057 404 81 1318 426 1103 2063 1147 2064 1599 1319 2065 2066 1106 897 898 1107 1321 723 2067 154 2068 250 732 1193 900 1112 1677 901 86 1188 1604 1905 2069 405 1831 1323 529 431 1245 1864 1115 1116 87 733 26 1635 2070 1119 199 433 2071 734 966 203 2072 1123 2073 205 914 2074 916 1124 1660 2075 1125 91 267 920 92 93 94 1667 1954 921 1327 922 2076 2077 95 2078 2079 1374 2080 1801 96 1255 1130 2081 1545 1678 1204 2082 1133 532 2083 98 2084 1059 533 1136 2085 99 1205 1406 926 1450
49 270 1513 1 2086 794 1351 1724 2087 537 2088 376 6 1759 796 2089 2090 1221 539 939 798 2091 301 1154 1435 1437 355 785 10 447 801 2092 2093 11 2094 1780 498 43 14 2095 788 1519 2096 1687 44 2097 1499 465 937 1521
24 2098 120 1246 1283 2099 347 948 2100 376 1012 783 379 381 382 2092 498 393 1263 2101 1714 979 530 397 385
165 1488 1611 817 818 1731 1366 2102 2103 823 2012 1734 0 632 825 1301 2104 1028 831 70 832 2105 2020 1071 1074 637 639 746 285 726 49 591 646 848 171 650 2106 854 1376 747 1269 1207 1547 655 858 415 289 2038 115 1722 103 340 2107 861 2108 2109 864 1274 2110 294 2043 105 1530 660 868 2046 761 2047 1975 1623 1654 301 1154 2111 329 506 668 1532 246 1048 884 1099 306 885 888 1165 122 2112 953 890 1358 677 1103 2113 1535 82 189 1684 1005 381 898 1107 1050 2067 250 119 899 159 2114 945 1193 900 11 1166 1604 1816 1202 405 688 1831 331 13 432 2115 433 1686 1714 978 908 203 911 754 1349 155 2074 2116 1606 916 1275 494 919 2117 921 1609 2118 742 141 125 2076 2078 1498 1499 2119 757 1639 385 1832 577 711 2120 578 1204 98 1368 36 219
7 1611 2121 362 796 808 1766 1162
13 2122 151 1186 2123 765 1908 1509 2124 2125 1510 768 2126 2127
1 119
8 1462 662 336 1260 1261 1441 13 2128
1 1611
2 2129 2130
5 1525 750 1102 1697 2131
10 1301 653 118 1998 1320 119 251 699 2132 1227
124 1393 2133 744 100 271 2134 929 2135 1155 274 629 1229 823 1871 2136 1230 1490 2099 946 518 1500 151 167 840 2137 2138 1356 1273 48 590 2139 1196 1589 845 170 244 1880 172 451 853 2140 1408 2141 653 2142 2143 2144 1191 103 340 104 1232 2145 1396 1891 1501 1695 989 2146 595 1371 329 881 246 1198 2059 1049 990 2147 2148 2149 2150 991 2151 527 992 1495 1053 447 2152 1320 602 603 194 684 2153 510 688 691 2154 1714 724 203 1397 2155 754 109 206 609 2156 1542 2157 531 2158 2077 95 211 1497 1662 323 2159 1239 1343 1255 2160 1672 958 710 2161 1132 2162 2163 533 1803
7 1186 119 2123 16 2164 1509 2124
10 2165 1974 1452 2166 1455 2167 1026 119 2168 385
3 343 229 1497
3 347 1354 2169
4 825 727 2170 884
6 2171 349 292 2172 119 2173
7 2165 2174 1243 1811 2175 235 236
17 1869 633 569 1398 445 2028 1997 1400 306 1777 574 1404 20 577 2176 45 943
90 1393 147 1065 1066 112 2010 632 2013 412 1446 1070 1629 1073 113 2021 1074 2026 1273 725 71 591 844 2177 848 2032 1080 2106 1304 288 74 2178 2179 2180 727 152 1396 1378 293 76 1952 418 1090 299 1096 728 596 1532 1863 1572 1199 2060 2061 78 80 991 81 1317 1103 83 1107 1383 1320 562 723 2068 429 1604 510 902 1115 87 2181 1538 1119 89 1123 754 755 1912 1326 920 95 229 735 1497 1131 1204 1037 1059 99
36 2182 2183 2171 2184 348 2185 537 994 37 2186 1561 1958 2187 262 350 2188 1157 2189 1172 2190 355 1582 1217 787 119 1777 2191 1961 1809 393 2192 137 2193 719 20 961
7 274 292 306 1410 119 2194 577
15 273 165 2195 570 770 1402 306 887 78 1410 1976 1202 755 2196 568
2 2197 2198
6 2199 488 2200 381 1249 979
11 2201 2202 794 800 2168 1928 368 44 2203 802 372
9 2202 769 446 1019 1809 368 2204 370 372
12 67 830 845 1197 293 1092 751 329 304 884 679 2075
11 2205 778 2185 2206 2186 2207 2188 1582 2208 961 2209
57 2210 744 2165 759 633 1301 634 279 2211 2212 2022 167 1273 846 1080 174 747 2213 115 741 2107 2145 293 865 1012 2214 871 1999 245 596 2215 1312 2056 884 1145 33 2216 677 380 2217 1147 1666 2174 10 83 1602 1115 622 1817 155 916 921 1637 758 2218 2219 928
49 62 816 1628 242 830 1070 1073 113 643 2177 592 173 115 1722 2109 865 25 2220 1090 223 1593 1097 728 245 596 1532 884 885 2059 2221 1242 1147 1559 901 1245 199 89 697 754 975 920 735 1131 1204 2082 2222 253 1368 1205
31 759 1357 48 49 1081 1408 1369 401 2223 1493 116 1653 2224 223 2225 1796 1098 2058 621 2226 78 1102 2151 1535 82 1112 1113 141 2227 1132 230
7 1958 2228 2229 34 2230 937 2231
37 1488 2165 1526 2232 2233 167 49 37 1408 653 2234 741 1211 2235 663 1254 1522 2236 764 887 1535 82 2174 954 2237 85 1223 1003 1828 1120 2238 202 1275 267 1387 742 2239
27 1611 2240 2241 275 278 536 794 468 2242 2243 471 939 800 1161 773 1967 2244 541 2245 480 2246 2247 608 136 485 44 372
16 1155 632 412 1589 2248 2249 181 881 306 677 9 598 599 1800 1238 2250
2 42 1363
10 49 2251 2252 1790 1480 2253 57 2001 1003 1939
6 1749 1160 1929 463 1786 1788
6 334 1707 1624 2254 2255 1625
8 411 75 964 1378 2060 1123 920 406
7 1518 52 2256 234 2257 2258 2259
12 2260 721 2261 1807 256 381 2262 107 201 530 2263 535
2 2264 510
7 1957 453 715 2265 1819 1487 1820
32 1683 744 1867 2199 1491 517 1743 842 1590 2266 2267 520 1211 2089 505 294 2268 663 2269 186 887 2270 10 1005 1053 1853 193 1002 1208 1817 2271 2272
20 243 1273 592 848 748 115 1197 1087 76 989 245 596 1100 1380 1107 1523 1115 916 2085 1205
21 66 411 412 725 1080 1303 1952 418 1863 677 81 1536 1201 2273 1539 199 91 2274 2275 2084 927
1 633
29 1585 1512 623 1414 2276 1415 1586 2277 1417 1418 1514 2278 1419 1171 625 1422 1424 1426 1167 1430 497 1720 2279 1431 2280 626 44 1587 1433
33 744 832 1074 838 747 414 2143 1694 179 1999 2111 879 882 403 1144 1145 225 187 891 1147 1599 1600 1666 680 317 1560 204 1639 713 533 1610 253 928
5 1566 1013 617 2281 1718
16 1452 2282 1257 1453 1258 1460 336 1346 1464 1465 2283 1470 1263 2284 1264 1266
51 817 2285 1451 823 825 1283 1301 2104 2286 1074 4 854 1269 861 2145 2110 2043 2130 2287 1893 179 871 2288 2289 1654 1999 876 933 2111 403 306 2290 1599 1666 954 1495 2291 899 900 26 2115 201 1910 1659 124 494 2292 1129 2293 533 2294
7 488 1500 741 585 958 959 407
15 275 2295 1546 1561 781 1254 2200 355 785 10 787 2092 409 13 793
6 274 149 151 1410 119 136
42 112 273 1525 2296 1490 2297 3 517 2298 171 2299 1884 2300 105 1593 1032 874 182 301 557 1797 186 677 1103 2301 10 83 193 11 1208 2302 1699 14 2263 208 1209 2303 210 1255 1672 325 407
82 1065 1066 112 2165 66 1069 412 2211 2304 1028 1873 2021 1074 2305 1195 71 591 845 244 72 1376 2033 73 655 328 1143 1377 115 2306 1308 1211 1088 2042 76 105 1447 866 868 2307 596 880 887 308 78 2221 425 1899 1382 1103 83 895 1106 2152 1383 1384 12 85 2069 2308 688 331 1115 1119 1553 201 1540 966 90 1123 1385 1386 267 93 94 922 141 1543 406 1204 98 2084 1389
18 450 794 537 796 446 800 441 1437 1771 2309 2310 2168 2311 1363 44 790 2203 802
50 1991 803 2312 2313 390 969 1 779 2314 29 1957 769 471 132 1331 2315 2316 1992 1333 446 970 800 2317 1271 1993 774 1164 1019 1173 718 2318 367 2093 2319 461 962 1555 813 443 543 1021 444 485 1176 464 2320 385 396 372 963
5 1464 306 1470 1474 211
355 147 269 744 738 271 111 1065 63 1066 819 2008 148 1229 1921 1627 1870 2321 2322 1069 632 2323 275 997 276 2014 2324 825 67 2325 165 1300 1872 826 827 2018 412 3 1028 1268 1874 2326 2286 2327 1071 1629 518 2328 589 1074 834 1075 835 836 1077 2329 2137 640 2330 725 1302 1527 284 285 644 2331 1879 842 71 591 2028 2332 2333 264 2334 170 2002 171 244 173 850 851 552 1812 2335 1080 852 72 413 1528 747 2033 2336 2141 175 176 1269 414 653 288 74 2337 1577 2178 1591 657 593 973 1307 2338 2037 1885 1030 1886 1887 115 290 2339 727 2340 152 2145 1888 293 76 1995 105 1089 1379 1092 2341 2046 1593 2342 2343 750 2344 1893 2146 982 2214 179 664 871 1595 299 1310 1096 2345 181 421 77 1999 728 1655 557 729 302 1827 1863 1572 303 2055 246 2056 1797 305 669 884 670 185 730 1435 1598 1145 1953 307 722 225 2216 675 731 187 1897 1580 308 2149 561 889 1364 309 78 79 1251 1410 1808 677 2346 80 991 2347 891 2151 2348 1938 427 1365 1103 1599 311 2349 894 1666 1319 992 83 895 84 2066 1942 2350 1106 1383 1320 563 1903 1108 1321 723 1109 154 2068 2351 429 250 732 119 2352 1111 2262 900 12 194 86 1208 1604 316 1322 317 1202 1552 1252 687 1237 2353 2354 2355 905 393 2356 2357 1116 14 87 26 227 2154 1866 2358 2071 734 201 318 89 1540 966 203 90 1123 1909 530 754 155 609 2359 1659 915 565 566 2360 2361 2075 917 1326 1386 2156 611 267 920 2362 321 92 322 2363 93 94 2292 2364 210 921 1327 2118 2365 2158 1449 2274 567 211 735 2078 1497 1914 2366 923 323 1544 2080 2367 2132 1510 924 2368 1639 97 213 1412 768 1131 1545 1815 324 736 2250 1058 325 215 216 1388 533 1919 217 534 1205 1450 1328 928
9 2136 2335 1891 2369 2370 723 2365 742 1919
5 996 1766 378 792 547
22 2201 968 794 364 2371 796 446 800 1162 718 2372 43 2096 1363 44 2373 464 465 936 2374 802 372
16 100 2008 1 2375 2299 6 116 2376 2377 379 447 2093 1166 1297 14 1132
47 62 1066 1626 1628 242 1273 2378 592 1079 73 2379 115 1191 1232 292 1631 1090 988 2380 1371 1097 1372 245 596 2381 1100 2382 80 991 2383 680 1107 1245 1115 1189 2384 203 1121 697 754 967 1609 922 1510 612 2385 1610
15 270 1869 1734 947 856 571 292 306 1410 313 801 119 498 1542 44
22 816 1072 1356 2028 2213 1722 1090 1097 2215 403 1144 1145 187 196 906 251 754 1639 1255 1135 1610 928
52 2386 1733 339 1 1612 278 1742 280 2387 489 468 1413 283 537 1944 445 5 2388 287 1415 2389 2342 296 772 352 7 8 1435 306 2390 1222 10 1296 313 601 119 1853 604 1969 2391 14 2392 160 1784 16 2393 211 20 2394 21 371 22
22 28 170 408 132 1992 716 7 1335 2174 1582 1243 2395 482 1175 691 955 13 2396 2397 1472 2398 1479
3 2399 2400 1342
1 2401
1 451
3 1971 1972 1973
11 1345 2402 1258 292 118 1461 306 380 1347 955 338
1 2403
11 2404 279 1859 1308 299 1317 2066 1200 1111 1537 92
2 281 782
5 1644 1577 316 917 2405
7 408 132 440 772 1582 444 137
5 1733 1725 1970 2406 383
59 1065 64 65 1937 1068 2012 1830 1156 279 1873 1329 1073 49 71 592 848 2407 288 1548 2300 1088 1274 76 1093 762 2047 299 1371 1522 752 2000 1633 78 1358 425 1103 2408 1106 1107 430 1677 1573 2069 1115 89 909 1123 1911 93 742 2076 1832 578 98 2084 1059 1368 2409 1205
4 1053 240 241 1267
66 1139 2098 803 1925 2410 346 2313 390 778 347 29 947 769 469 1846 37 451 1286 2411 1958 2412 32 440 1761 2315 2413 970 2414 353 1048 1956 2415 2416 774 2417 2418 1403 2419 541 1290 380 2420 2421 2174 381 480 1243 2399 2422 1291 1175 498 393 2192 2423 813 356 1487 137 790 385 2272 959 2424 396 1250
22 2007 1068 2328 2026 1273 591 2177 1080 115 741 1593 596 2425 2216 78 1318 250 915 735 1204 2085 1450
7 66 1527 173 1952 87 2426 1545
3 37 2427 1569
12 2411 2428 1247 2413 809 2429 34 1582 1811 942 1508 1292
24 1955 278 1673 636 2295 47 2430 492 2371 1018 6 2431 1161 2415 1967 784 11 2432 1006 788 2097 1341 2272 802
88 1488 1155 2102 399 2433 28 1047 588 986 1526 1490 517 1629 1073 1074 167 2138 1588 49 590 646 501 503 651 413 327 1207 950 114 2434 2338 2144 1886 2435 116 340 863 1494 54 750 2436 974 876 7 596 1668 883 2059 2000 309 1137 2437 1669 82 679 1484 10 680 2152 1559 1373 1166 1158 409 2438 1339 688 753 955 2439 1245 1907 35 109 913 1606 124 1496 956 494 1542 2157 742 2227 1639 2222 1276 1803
51 270 2199 0 275 997 1 3 347 517 2105 2387 281 1745 2166 283 2430 2388 1018 287 1150 6 1759 294 51 2342 351 377 772 300 7 2440 1435 355 1222 381 1775 600 1249 2401 11 1835 14 1836 2441 19 1636 1787 20 2442 326 1267
11 1513 439 1351 1221 798 1437 2443 1362 43 2096 1521
65 2133 111 1731 1066 2010 1229 986 2444 2014 242 101 151 1273 2028 1078 592 2445 2030 1881 1080 72 114 748 115 103 1197 177 292 865 418 1593 728 245 2053 423 1100 1380 885 2059 248 991 81 1103 2064 1106 2446 250 119 1202 510 1237 691 1115 2181 2447 90 2448 1667 95 1238 1510 324 1204 1276 1136
18 2449 2450 1957 37 2451 2167 1152 2452 1727 2453 313 119 2454 2455 1844 2456 791 45
33 744 823 2457 1196 2445 172 289 1232 2145 1581 867 750 2214 2458 337 246 2174 1582 1217 1297 316 1113 753 2459 267 2158 141 1943 957 533 1051 1205 2219
52 803 1284 439 2460 2243 364 167 4 769 445 470 1285 771 472 132 473 1169 1170 1762 1289 809 800 1153 1271 933 1993 441 477 1272 540 2416 1403 1290 355 785 2432 2175 107 482 1779 1237 13 134 813 443 2461 136 444 137 369 487 372
8 0 4 6 2462 13 16 20 1717
1 654
93 1065 1731 548 2463 500 1041 165 339 1872 828 2297 279 1874 1875 1743 637 839 2137 646 648 849 171 2464 1042 503 1408 1556 2248 74 2465 1085 1548 741 152 659 1891 1529 869 870 664 556 1212 2425 2466 1001 672 764 722 308 1898 678 1899 2348 189 1946 2350 1106 1320 563 193 2467 1208 1905 317 686 510 687 1698 689 2302 1035 14 695 1939 1540 155 917 1275 2468 2405 567 2469 2125 212 1916 513 2470 706 1917 97 709 2471 1919
10 840 519 502 721 104 1999 190 206 1498 710
12 2 769 2472 1762 1171 480 600 11 1779 16 44 1643
15 2473 778 2474 1159 2186 6 2228 2475 1437 2476 2477 2478 1442 2423 436
17 147 1870 1080 1562 115 293 2479 1447 2343 2307 1899 1321 2480 1539 1326 94 60
7 1704 947 2481 2129 2482 2452 1714
11 633 474 33 2421 481 2483 160 137 1554 487 2484
7 1941 2251 1814 1223 1115 1828 742
49 2122 2323 70 2326 1357 1398 1941 1375 2332 1399 1880 1408 653 944 571 1370 741 505 1093 2055 8 2000 1381 991 1938 1946 1320 2237 2485 1166 1573 2153 2123 2486 1523 2487 1116 59 2238 204 2003 1275 2118 95 1543 2368 2126 1678 2488
1 2489
6 1488 997 660 1001 342 10
3 1641 2490 2461
27 623 438 468 2242 2491 472 131 132 474 1170 475 714 970 1161 2492 1425 717 2245 2493 1926 482 1175 13 443 2494 2484 495
7 46 47 283 53 55 184 2239
14 2495 947 1257 1566 1707 1013 1711 306 1470 2496 1016 1265 2281 1718
22 1611 1612 278 2497 1614 1978 2498 1151 2091 1623 1966 2499 2382 599 801 11 1969 13 1619 1226 1621 162
6 2500 1428 1720 2501 1433 2502
40 149 827 517 2503 151 653 520 1085 2504 571 292 105 1254 1095 1402 306 256 1410 677 1103 191 1320 119 2257 430 1905 1202 1866 2505 610 1404 2468 1327 567 2470 2506 708 768 333 45
25 1733 164 0 634 517 167 171 172 1759 2249 2342 180 1797 106 1807 784 1222 10 193 2302 13 205 207 1800 1575
59 1731 1646 2323 2507 280 1743 1398 130 2508 770 1880 1997 1754 1085 1400 571 291 1578 292 807 1309 1401 2509 2510 1827 1979 2499 1808 677 313 2511 428 1856 119 2485 984 496 85 1777 2246 2512 1035 26 1036 2247 2003 156 2513 1404 2274 1405 97 768 577 578 45 2514 1719 371
16 1701 614 633 1708 144 294 33 233 1811 1014 2515 1716 1475 617 385 1051
21 2516 261 969 1742 451 771 796 2091 2517 1950 1986 1443 2518 1508 443 2519 971 719 2520 972 1989
3 50 1569 1570
2 1231 206
49 1991 803 1925 2313 2521 364 2522 470 1849 1285 1286 254 408 132 1331 1169 1287 1391 2523 1761 2524 2316 476 1992 1289 1333 1361 2525 2317 2265 2526 1425 1173 2318 2527 1174 480 442 2528 1175 1927 2529 813 136 485 971 2530 2494 793
6 1 1722 342 509 344 16
2 1514 497
22 66 2531 2305 2185 1826 2532 1379 2343 77 1372 1172 2533 887 1382 1383 1385 1386 92 2534 1543 1388 360
3 2004 2187 2535
14 3 2536 171 1042 1807 2537 1938 10 1373 2302 1120 2538 207 267
4 1611 130 306 240
11 995 771 799 2539 1019 812 1809 1508 2204 2520 372
9 231 2451 1247 2540 1811 942 397 235 236
9 1393 1722 2541 248 250 433 608 1542 2274
5 2542 537 442 43 44
8 1451 334 2402 1624 306 1713 1035 1625
21 2133 2543 2544 1646 165 1880 2335 853 1254 983 1372 2545 303 2301 1902 2546 984 2547 2548 2549 2550
2 633 2119
10 2543 274 569 624 1757 292 1254 573 119 110
45 744 2551 120 2552 2410 1734 373 633 1955 969 347 1390 348 29 947 2491 2553 408 474 2554 2435 2555 1761 1564 2525 1153 1172 1063 1403 2420 2421 2291 382 2556 2483 482 393 2192 2396 1176 137 385 2471 2484 1988
11 2474 771 800 1437 718 1771 2309 935 498 44 1521
18 2557 2558 2559 1763 2560 1438 1468 1771 1005 1006 1969 1686 1714 16 2247 1619 1687 162
5 1355 2531 2206 2561 961
9 1920 1229 2562 931 1234 1049 379 382 545
25 744 825 67 840 2137 853 747 115 103 2145 876 80 1103 1104 191 1106 897 898 1320 119 510 1909 1542 967 533
10 2563 2251 1790 2564 2001 2565 1281 1939 2566 1509
50 2567 2444 2325 1218 1490 2137 1944 1454 171 1880 2140 1408 520 654 103 1653 2145 2568 1095 2569 2288 2570 301 2571 303 1796 881 306 308 309 1222 1684 528 1053 897 682 1968 193 1158 1576 510 1036 609 1275 1128 211 2159 385 2250 217
42 2552 633 362 1923 2491 2572 1029 1415 132 473 474 2573 475 939 2535 1172 783 1423 2574 1235 478 677 1484 2245 1582 2575 1167 1175 134 1617 2392 443 1840 2461 136 44 137 1787 2530 487 394 360
1 2576
18 2165 347 947 1706 376 294 539 940 33 122 2217 2174 381 382 1249 1714 494 385
4 1247 1811 235 586
21 270 2516 2201 1749 2577 1842 1424 306 1776 2578 498 1782 2096 1618 2247 2513 1687 2579 464 2580 1989
12 1483 1159 2491 994 1422 1423 1425 2244 2245 1431 44 2581
14 1047 1526 2100 1408 401 1086 116 1664 1796 1668 1102 379 382 230
23 1065 1647 1268 1941 1042 653 2038 103 76 2582 1551 1192 404 893 682 1035 1115 1866 203 2583 95 708 1205
9 1923 930 799 809 774 2584 1809 136 372
9 803 623 1413 1171 625 1827 13 626 2293
5 2585 509 314 2354 2586
17 346 2587 29 1060 2522 1061 1063 2318 2588 2168 1555 1854 1265 464 790 2589 384
13 373 947 2562 2590 2435 2591 294 663 1248 2217 2174 385 1575
10 274 794 292 1254 306 313 119 156 44 1820
34 2006 271 163 629 2260 167 840 2137 1336 653 103 340 2043 1694 750 595 1522 7 888 1946 897 898 119 107 907 979 206 609 1542 2468 211 2159 1801 533
19 1139 1 794 364 167 2089 294 800 1335 1290 1338 785 2092 482 955 1340 444 957 369
1 2592
20 270 1733 448 278 1742 1745 490 2593 1725 6 1289 9 801 2432 136 44 20 2530 486 467
11 1306 266 2594 992 681 1320 442 1202 1035 2595 1682
10 164 3 517 301 183 1435 186 1853 13 14
11 947 2596 31 2413 677 1713 1484 2597 2556 2598 743
5 2199 2599 381 1342 958
7 271 840 2600 115 245 225 1662
11 2165 1653 2601 105 750 308 1261 1248 898 2602 606
2 1 2497
104 2603 816 1298 1067 2604 1792 2605 149 1628 2325 2606 242 1446 1629 2607 113 1076 2023 837 1195 2024 726 2608 2332 413 1081 747 1083 2213 1663 857 114 1084 2223 2144 2037 1722 103 2609 863 1664 1665 1952 2220 223 2048 1094 2436 763 181 300 2050 974 666 1597 341 329 879 2215 1098 403 1668 224 2610 1144 1145 187 2147 249 1102 2437 80 2347 1669 2611 2612 1147 2065 1106 1383 1559 723 192 196 1252 2613 1560 2614 226 733 2615 2616 1659 93 1128 1954 735 2159 1130 1832 214 2617 230 2514
1 1482
22 993 1640 2460 475 715 446 809 800 1062 540 774 1019 1290 480 134 443 1840 44 137 2581 2530 372
43 1611 1869 1451 1818 1 1703 1612 635 4 646 2618 843 1614 615 1458 6 2619 1623 1026 1624 1212 8 1013 306 1438 342 1410 2620 1261 1713 1014 338 1685 1908 1036 1686 27 16 575 1016 1475 1621 20
24 629 2463 2014 49 1376 114 1722 340 118 25 2268 1372 2545 509 1193 510 916 267 92 2549 1227 1276 45 1610
27 744 0 339 166 5 6 658 1221 1091 2462 180 873 8 679 600 1697 2602 1576 2621 13 14 622 1908 16 1910 1914 709
20 587 129 275 278 280 2622 1413 2388 2623 2624 296 677 1222 1296 2246 1617 15 610 1643 22
102 1730 270 1512 803 623 2625 1641 1735 2121 1736 1737 1738 1359 278 1360 1841 1741 1742 2626 794 2627 2628 2629 1745 1413 624 1414 2276 1749 770 2630 1586 1725 388 2631 796 1514 292 2619 1160 1760 1221 1762 939 1726 1215 2278 1419 1171 2582 1764 1975 625 772 1929 2632 1424 306 2633 2517 342 256 1727 2634 2635 191 313 2636 480 1428 2528 2637 119 2638 2639 2422 2640 2319 1720 2279 1782 43 14 2095 1519 2641 2642 2247 2513 2643 1854 2461 44 1515 2644 1788 20 577 499 1433 1643 2580
62 2645 2386 997 633 1567 1612 278 3 2105 2232 4 640 1413 646 2618 843 2100 472 1614 2623 1011 6 1568 294 2462 2624 556 1212 2646 56 673 2647 493 2254 2648 677 1684 1713 1996 2575 2649 599 12 1167 2650 685 2490 1969 2246 2651 1685 1036 2518 702 610 1837 580 20 1227 568 21 1478
5 2625 2634 497 43 2280
7 143 144 1469 145 146 1266 1479
7 470 31 476 2458 391 461 1487
12 2135 2463 2652 840 1892 2146 2174 10 1320 1828 1911 1341
60 2653 1513 2654 1178 278 1360 1742 1159 23 1149 2655 472 1755 1725 366 6 294 1762 2656 2657 446 800 1154 1894 1827 1164 1950 1381 718 2443 355 9 1771 313 381 447 1020 801 442 2658 11 2432 935 498 955 43 2659 2311 15 1519 2660 1520 136 44 383 2097 465 1341 467 372
3 1689 1715 2161
10 62 2661 837 1309 882 670 187 526 896 155
6 46 2662 677 1296 599 119
40 628 631 759 830 1074 1195 2026 591 845 2177 592 848 1079 1376 328 116 1370 117 1090 1093 596 1242 991 1107 1244 1193 1634 2308 1552 331 1115 1553 697 1123 754 1129 757 2222 1276 1205
7 2428 1564 2421 1811 235 236 2663
44 2103 1526 1446 1195 49 2664 1375 2251 2177 1080 1408 1207 2665 75 2300 2143 2252 76 2666 54 1790 665 2253 880 425 1103 1535 1106 1107 2565 1281 1006 405 2480 59 1120 2667 1911 1606 1275 742 735 2668 1985
4 947 2669 494 1051
24 2102 2199 1526 831 49 949 663 2236 184 2670 1938 1535 82 2671 2565 119 2669 2237 1223 1939 2566 742 2579 791
8 1206 1589 1154 140 1411 1835 195 580
5 2185 2672 2173 1822 394
179 1393 62 147 819 1298 2102 820 548 630 148 2010 1395 821 2661 2011 1068 549 1526 2015 412 2104 1446 1028 589 2021 1074 1077 837 1195 2026 1302 49 2673 2664 1859 591 2177 169 592 848 2674 244 173 1029 851 2675 747 1305 288 74 2178 2676 1307 2143 2038 103 2107 1409 727 152 862 1087 1396 1187 1592 293 76 1952 2677 1447 1530 1089 1594 869 870 298 299 2678 873 181 1999 523 245 2679 329 422 1863 1312 2056 1668 669 670 730 1199 1100 307 559 1314 1580 1295 561 1364 78 424 248 425 2062 310 1317 1976 1318 1147 82 1601 2301 2065 83 2066 896 2511 1106 1200 562 563 1903 1109 154 2068 1158 316 1322 2680 902 2354 1114 2355 2681 1523 2487 1115 87 432 228 695 2115 734 724 203 90 698 754 155 916 1496 91 918 2682 611 920 93 94 1327 1129 229 735 2078 1497 2079 1374 1255 2683 1131 736 2083 98 1058 533 1205 928
17 2202 2460 1724 771 1018 1270 2229 800 718 2230 2432 498 1928 16 44 627 372
6 2264 506 191 682 119 1407
17 2516 2473 1513 968 805 278 795 2684 2577 1391 1506 2685 1362 2096 1555 464 1988
3 2686 2649 2687
12 488 347 281 947 2562 2688 2100 2291 1053 600 1817 385
2 2479 2127
13 1366 2407 1207 1650 2130 1999 2689 897 898 2308 1007 2690 383
15 373 347 1287 294 2691 2415 33 1049 2290 458 1053 381 382 1342 1267
19 1214 1179 1180 1846 1755 1547 2692 1181 39 1183 1184 1842 1970 2517 2528 128 1780 510 1185
39 100 1155 2102 1920 1526 347 101 70 2693 848 2694 170 2030 2464 2248 2695 944 2599 2665 1086 2412 539 1089 1695 2696 352 668 183 122 1248 1495 2152 1113 1202 1660 2078 1255 407 1406
30 968 363 364 365 769 771 930 1725 1270 797 446 799 800 1062 1272 773 718 812 2432 935 1809 2697 368 136 44 719 936 370 972 372
18 0 2387 283 2698 1752 2389 2306 292 2699 2462 342 1137 677 119 2258 1035 607 1478
35 1488 588 373 2260 3 489 518 2137 1589 171 174 1492 1232 2041 1396 2224 1595 1094 301 881 308 893 1666 10 1113 2353 13 1120 2238 201 609 742 211 20 219
12 2700 2701 47 1945 741 189 1699 1828 1209 2506 1255 2239
15 2700 2702 1920 1921 759 149 101 2248 1188 206 1607 211 1498 1510 2703
119 1683 1611 1731 1869 2645 2386 587 0 275 2 1612 278 3 1742 280 1964 1746 4 1025 283 1692 5 646 843 649 2388 1614 2267 6 2662 1995 1726 2091 807 2582 296 2559 663 1763 1975 2458 300 1624 1153 301 1212 507 8 2170 2499 2704 1438 342 1261 1024 9 2705 597 10 1296 2706 313 2575 599 1977 801 737 1856 119 159 11 12 1835 2490 2246 2391 13 14 1617 1685 123 622 1908 1036 2518 15 1686 607 160 1784 27 16 754 17 2196 2513 2707 19 2393 1226 1837 1687 1642 1621 2708 2709 162 2394 578 2176 1227 21 815 45 1719 371 22 2488 326
8 613 2710 1010 1247 337 8 2711 235
10 947 948 2435 294 662 2482 56 2217 1715 2441
8 1955 2243 474 1235 2527 2396 1472 2515
4 1513 1841 2638 2096
20 2321 242 2021 1631 1090 1593 245 880 1165 1410 509 682 901 1202 1831 693 1116 735 768 1682
41 623 549 1823 149 165 1446 1028 1074 2508 1880 413 1577 2712 1548 292 1447 421 1402 306 2633 2382 1808 1005 895 313 681 1200 562 563 1903 2713 119 603 317 498 2714 13 109 575 2715 1584
35 1868 740 167 1824 1879 770 653 727 292 1402 729 306 138 1403 2716 1410 1808 84 480 2717 1856 2718 1202 405 198 26 2641 2719 530 2720 1829 742 1838 97 333
4 2721 2722 2475 1987
16 1488 100 1041 1556 2465 116 1494 750 1522 1865 1158 753 109 267 2157 710
2 1286 1721
15 29 1074 30 408 2498 158 456 458 34 2723 257 2399 482 460 1342
2 673 1856
33 275 1743 840 2137 1879 1589 1043 999 2340 2041 118 25 988 421 1795 876 887 2148 308 1044 1666 1034 2724 1856 1904 2154 1123 206 2549 967 2586 2176 98
6 274 569 1760 715 2725 790
141 2726 613 2240 2700 777 2165 1256 1701 587 822 1047 0 2727 997 1702 339 1955 1704 2728 2729 2536 489 1148 947 1257 130 1453 374 1566 4 1025 2688 2430 5 2028 843 2694 2388 2590 172 2730 1010 856 1794 1708 1219 2731 1038 951 1150 2389 2428 2435 2555 2412 2601 2662 1995 2431 1694 1012 2451 952 1309 2167 296 351 1834 1346 300 2722 337 2452 1026 2732 2691 1465 1163 2571 782 353 2733 306 122 1235 2734 1261 784 1467 380 1439 2735 1248 479 1469 954 2736 2291 1348 119 159 2737 1811 11 409 2395 1777 1470 1262 2738 2602 2739 2651 1783 123 1027 16 1472 2740 124 2128 1473 789 956 610 2169 210 125 1176 1475 2400 2272 1802 2281 1266 1575 959 586 1718 1479 22
34 2006 271 2010 1230 1301 242 2741 830 1706 2742 115 1191 2380 1594 874 729 990 1410 2383 1666 313 1050 119 2743 203 2155 109 2116 2157 612 532 2385 1051 2703
4 281 947 2451 782
4 2015 516 322 2367
46 1611 1830 2232 637 643 646 2264 502 651 1459 727 659 118 660 2462 868 665 506 884 1013 306 672 764 508 1137 188 1898 509 313 682 140 1723 119 1166 2744 145 1783 27 2720 2271 700 755 1045 512 1837 921
38 271 165 2607 113 2024 2332 1078 1079 1663 115 1664 292 1665 1447 223 595 2050 1098 403 2541 1410 1102 2745 192 194 2547 2613 226 205 2505 2746 2747 2156 1608 1801 1130 2081 2162
29 929 1991 1052 1925 2312 2121 2460 1483 2243 1285 254 931 454 1761 2316 2317 933 1852 2588 2748 2639 461 1485 1519 1486 1928 258 546 1341
9 2542 1360 365 797 1767 2096 1363 44 1989
8 2557 1218 8 1410 343 699 2708 2456
8 254 781 1761 2418 2725 1290 482 792
7 804 1673 780 1564 1361 1853 24
6 119 1777 393 123 2534 961
12 2749 120 2165 1047 946 947 2750 294 351 2174 1249 958
6 1488 500 2145 292 977 1680
6 2165 488 2100 782 33 381
31 271 2751 165 101 653 863 222 2220 2224 223 2752 306 1410 1102 2437 1103 1105 2352 2743 1202 2621 1121 252 916 2746 1128 967 95 1255 612 1132
6 2004 39 2753 2754 1582 2561
25 588 2233 1588 2031 174 651 2213 1548 2144 116 340 658 863 661 762 974 507 1144 1137 10 1297 910 2263 1832 514
2 545 936
161 147 744 271 1065 2134 1299 66 986 2322 1069 2015 165 339 1300 412 69 829 1028 2741 830 1070 1073 1074 1398 550 2025 2755 243 285 841 1859 591 2028 2029 2445 770 244 1080 2742 2106 1826 1082 653 1663 74 2034 1306 2178 593 75 1377 115 1191 2180 2039 727 1501 418 1090 1091 1092 1093 2380 1531 299 1310 77 2756 1402 728 1372 245 729 2679 524 1827 2053 422 2425 880 507 8 730 1199 731 886 887 1897 2148 2757 78 508 2221 1410 2150 991 2062 1317 2758 1535 82 1601 1319 1900 992 509 343 2066 896 428 1321 1109 1384 429 564 2485 1201 1112 86 1604 510 2621 904 1115 1324 345 1538 433 251 1784 2072 1909 530 2155 575 206 1659 916 611 920 2292 1203 1667 1954 967 1327 1543 2586 2080 1801 406 97 768 1204 1037 1134 1059 2759 1719 1205 2760
29 2473 2761 569 536 1857 445 37 1858 1400 1758 292 1221 581 582 583 2230 313 2476 119 498 2762 1928 1844 1404 136 1845 2259 802 2763
58 271 2007 548 997 1490 1793 2212 981 49 2764 37 2765 451 1492 2100 175 31 2035 116 1274 183 1819 1807 2541 2716 2758 893 1666 528 2671 2511 1855 602 1110 194 107 462 2681 733 1866 2538 2766 156 267 1671 1225 1936 1142 2159 1801 2131 1255 385 1132 214 532 259 2767
4 1818 2768 1261 11
20 592 73 1143 115 76 1093 1097 1372 245 596 1380 991 1107 1115 916 1275 1667 95 2085 1205
4 2769 2440 2564 2770
139 1611 270 1516 1640 1869 2567 1489 803 2771 1733 129 1641 2241 275 633 1963 1218 1612 1739 278 1742 280 794 489 1964 2772 1159 1923 1724 1745 167 2497 1413 769 445 2618 1965 2508 171 452 2371 771 1415 950 1725 6 2631 1418 2472 796 1578 797 1992 1151 1171 808 800 1615 2632 1966 1153 1172 782 2269 2646 1272 1804 1164 722 2647 2499 1335 1438 342 478 2382 2648 718 784 1426 355 9 34 10 2245 1427 459 2723 2575 1775 599 801 600 1799 119 1968 11 12 1835 1779 685 1780 1969 498 1809 1340 1141 2095 605 2194 2392 15 1519 607 35 160 813 16 608 1924 463 17 19 136 44 2097 1913 2589 465 359 2320 369 1787 20 577 2773 21 815 371
3 2150 343 1046
92 2576 1052 1451 129 1823 633 2195 2774 570 740 130 151 1747 445 2028 2698 1454 770 2764 1376 1754 653 2775 1306 1400 1004 2776 292 2619 1529 1710 2341 1420 807 1402 2777 2425 2500 1313 2778 306 573 1979 2633 887 1381 1791 1316 1410 2620 426 427 1103 2779 1713 1034 2724 313 1383 1980 85 1202 1035 198 26 2426 2641 203 2719 1681 755 1934 2003 1912 1350 267 1404 2363 2274 1543 1009 2586 1838 768 577 578 2176 2520 45 2514 1719 2780
20 0 3 489 518 4 174 157 1150 2389 6 523 11 107 2602 14 16 267 211 1255 2250
4 151 2128 235 1973
32 779 1390 29 1060 2553 2522 264 1849 1285 1286 996 1391 2523 2781 716 2525 2317 1852 2782 2527 2528 2783 2639 2784 460 2529 813 1854 464 790 2530 1820
43 271 111 1066 2010 986 242 243 1273 592 1079 748 115 2039 1197 76 1631 1090 1093 1594 1096 1097 1372 245 329 596 1100 1380 225 2148 248 1242 991 1107 2446 1245 1523 1115 916 1667 95 1136 253 1205
33 2726 1700 1702 335 142 2562 1707 856 2731 294 1464 337 1013 306 673 677 1467 1348 409 1262 2785 1014 13 203 146 1016 791 957 385 937 1477 1718 1479
8 1168 2786 980 584 31 158 985 2598
2 744 1466
12 994 31 2498 2787 2526 391 2419 1484 257 2788 2784 494
5 2264 56 1469 737 1237
39 549 1329 589 550 2329 2028 1029 2789 74 1306 2035 2142 103 152 2677 1309 2345 555 1212 878 303 304 2778 1580 1295 677 1899 1034 1901 1902 316 317 955 1035 2397 698 2405 1037 568
25 2211 830 2327 550 1527 552 290 291 594 2677 2699 1593 555 1861 558 903 2273 2358 2384 1910 1325 565 566 1126 322
34 744 271 1930 845 651 413 2033 653 416 658 863 2108 292 505 419 1998 182 523 2777 671 764 1807 679 119 1697 1188 1604 700 1910 512 921 704 211 768
38 993 2240 803 2654 769 771 1725 366 932 1270 797 1288 2091 1171 799 809 456 1062 8 1502 1804 1435 2416 774 2790 718 2588 2309 2399 119 2093 14 2392 1507 19 136 44 372
9 2102 831 592 1207 54 2054 1107 1115 742
4 1454 1162 306 493
7 275 287 539 507 306 119 409
11 266 118 750 507 191 313 681 442 2003 267 1682
28 2210 120 2104 2750 1565 2730 2791 376 32 2792 33 122 893 1484 381 1140 2784 1223 2396 2397 35 1605 1472 789 125 2400 792 1820
22 49 1096 1551 306 886 139 404 313 1106 1384 119 1193 1552 1553 1124 95 1638 406 768 2222 1059 2760
14 1070 1074 75 1090 1092 299 728 2062 899 1116 1538 2616 754 1275
7 2199 347 2100 232 2591 381 385
10 794 796 440 800 1503 1437 1839 44 936 802
4 2415 136 485 464
21 2322 2136 1704 280 171 1931 721 402 2377 106 527 2793 13 2360 1226 1487 1255 1682 1132 2794 1406
53 111 2404 1066 2135 2010 2012 1069 2016 242 2741 830 1629 113 1793 1074 243 1527 591 1589 1078 748 103 2041 865 1593 2047 1594 875 596 422 1532 880 884 558 1100 2795 2061 2446 1603 228 2358 433 2384 1909 530 916 1126 2796 320 1203 735 1204 533
32 1066 2010 2433 1068 1070 837 846 413 1577 656 289 1886 76 1447 555 1097 729 596 1100 307 2061 509 598 1107 119 1112 316 2797 320 1608 229 2085
1 2798
22 65 2012 1526 2211 831 1357 741 152 2042 76 1593 1381 2408 723 1193 1120 913 767 922 742 406 2668
9 348 2799 2722 2489 1950 354 2800 2801 961
7 1649 2038 2145 2568 2117 2078 2219
4 2802 458 257 1292
12 587 491 2388 174 1850 2662 296 478 1296 14 610 20
10 165 653 292 118 313 1320 119 1202 1908 511
66 62 1731 1626 1974 2661 1069 632 1194 2803 1628 1847 242 830 150 1793 2024 285 726 1375 1079 72 2213 114 401 1055 2223 117 1501 2220 1726 2048 2678 1212 1572 403 670 1979 2059 308 342 2734 890 2804 2805 2806 153 1977 2352 12 1634 1202 1685 697 2807 2808 754 156 1637 703 2159 2367 2809 713 534 926 928
16 1329 645 1579 2425 1435 678 2001 313 2565 119 1281 85 344 686 579 326
6 434 2228 2229 2754 2810 2811
20 100 1734 1283 101 2138 1941 1589 115 1572 2812 977 992 1339 14 978 2505 2690 267 213 533
14 275 3 1758 1334 2342 2632 301 1425 1140 2432 1167 13 1226 1687
10 1074 2028 843 657 80 313 119 156 2813 97
3 1218 1966 1226
5 1731 1563 52 2440 2814
13 68 1076 845 400 1056 80 1103 2779 84 1552 14 1639 406
11 1073 71 592 1546 2187 54 731 78 1193 1115 1487
116 62 147 2700 2008 273 823 2321 2605 632 2260 412 279 2286 2815 2212 837 1879 519 170 2031 850 1881 552 72 413 2106 1492 747 2789 414 1794 2465 749 75 2035 2676 115 2180 2110 2043 2677 661 522 180 1595 873 555 1655 666 1532 303 246 882 403 423 1234 1435 675 187 1897 1807 1410 2347 2816 1222 894 1666 1900 1901 598 1902 1903 1853 2262 12 194 2817 317 2818 1202 1237 2353 903 2302 2273 2356 733 1537 2819 2358 734 200 1659 565 1542 922 2076 211 735 323 1342 706 2131 2683 214 2126 2275 1204 1037 1058 215 407 217 534 1719 928
9 2202 794 1751 2371 771 773 1727 2453 935
5 2232 654 1865 123 702
10 803 2371 771 930 446 799 136 44 2204 372
18 1991 995 408 132 939 1992 715 541 355 1175 483 443 1924 136 444 44 487 793
105 2820 744 738 1731 1298 274 1870 2322 824 1641 1646 1823 276 165 826 2821 570 1874 2327 1072 2822 740 2823 1074 1413 2298 1302 842 2824 2698 72 651 413 1303 854 176 653 74 1307 1885 521 292 594 1760 2479 762 2369 1254 2345 557 2052 303 2825 2466 2778 306 1933 1295 308 1315 1808 677 2826 1899 2827 1103 1034 895 2370 2511 1902 1980 314 1202 2308 687 2354 2355 1245 905 2356 1117 1036 318 909 2271 575 1681 1934 1659 917 2362 321 322 2549 2405 2274 211 2368 214 2715 324 1037 1985 2294
5 2693 170 2179 1049 1342
7 653 2143 1722 1152 1202 2486 95
5 1345 1583 504 2254 1444
4 1256 1582 955 357
19 1991 1925 2652 1047 347 2035 1564 715 522 782 506 1852 313 381 119 2556 2808 1571 385
12 149 151 856 1207 1400 306 1410 313 119 2667 1404 1636
12 2828 1286 939 1215 1842 379 1362 2094 1780 2095 1443 136
7 2495 1246 231 2732 233 1971 2101
15 120 1734 347 2693 2829 2750 2599 2830 1211 352 2174 381 2396 2442 396
7 2761 37 2800 2476 119 547 2831
1 2402
51 274 0 1646 275 1218 569 1 794 619 468 1398 4 2497 283 445 1219 1725 1400 292 939 1834 300 1402 1966 301 8 306 1261 9 313 428 119 11 2832 1777 13 1784 979 16 1213 19 1404 1226 211 332 1802 577 578 333 45 326
13 840 50 1042 653 1043 1889 353 186 1320 2833 267 1255 1917
17 1298 1930 1074 2002 171 2834 1396 189 1696 2350 1699 318 204 609 321 742 211
6 1076 998 1891 1091 2150 2362
20 271 274 4 1825 1018 653 571 292 8 306 573 1410 10 313 1202 13 2194 136 20 577
27 2567 165 1028 794 130 1269 1754 1885 292 105 1654 878 2466 1898 2319 691 87 1189 2271 155 2361 2549 1499 406 937 534 2514
48 2543 274 2323 275 980 165 779 1351 1398 2835 1825 2331 624 1018 102 1757 571 292 1221 2836 1710 1254 300 1402 573 2541 1808 2827 367 2713 2485 984 1352 1202 2547 985 1224 2194 2667 2548 156 1275 19 2837 2274 1984 2838 110
3 1287 1403 2401
53 2820 100 2567 2135 2751 2839 1734 1041 1283 1490 634 2099 517 1159 1434 840 2138 1042 2140 944 2142 2840 177 1557 294 105 2249 2657 750 1154 881 122 2270 10 1495 2671 447 11 1166 1158 107 1339 692 1714 978 1817 109 2459 1915 1943 1672 216 1803
9 242 328 115 508 991 509 119 1244 754
10 1065 292 1891 865 1093 1380 1896 95 1205 2841
5 1750 807 775 497 2501
10 364 492 1211 585 351 377 1993 1335 2658 813
4 2297 1614 1043 2696
87 1991 803 274 968 2842 2521 2202 277 536 794 1724 283 1748 49 445 995 1849 770 1751 2371 771 1408 472 2197 1725 796 572 292 1760 118 1221 797 25 939 1992 1631 446 799 625 800 1031 1271 2510 1163 441 8 884 774 306 1437 1791 2061 2537 953 718 1410 784 2318 355 1771 1320 119 497 2310 498 904 1809 43 2641 2697 813 252 1636 136 444 44 2274 1543 2843 1510 719 768 936 577 802 372 793
82 2122 2701 2844 69 2304 2845 46 2563 645 1944 998 1813 2789 1562 653 74 2299 1085 415 1307 741 1043 2846 53 55 1558 663 1790 1095 557 1480 2425 184 1814 306 2585 889 1410 678 1899 2001 313 682 1902 2565 1980 119 315 1281 193 1202 1906 686 687 1698 2354 1948 1035 198 1699 1828 2480 2238 1939 2847 754 1209 2164 1983 1509 61 2124 1543 2125 1046 2848 1510 768 1132 1815 1575 2849
6 2183 2850 52 2535 234 119
20 2296 739 1675 1434 49 1408 655 266 2537 527 153 1105 2262 2154 203 1275 267 1815 937 533
57 1393 1868 819 759 549 2136 516 1240 1446 1071 1074 1076 1941 49 2251 2695 520 2299 2252 1191 862 1087 1664 2224 1695 1797 1198 307 2226 249 1666 2152 1200 2565 1281 1448 409 1560 2439 1699 2480 2851 204 2459 2746 1209 267 920 531 742 141 229 1497 1915 2683 2081 533
16 1740 2371 771 446 799 1271 2852 1064 461 1363 544 136 44 2373 2204 372
35 274 149 1329 1398 1825 2028 653 1011 1270 292 2699 1254 2509 1402 306 1410 1774 313 428 2853 119 2650 1202 2512 2739 1035 1036 1404 1636 97 577 45 2849 2514 395
11 2135 840 1589 654 1085 2612 2669 1008 18 1227 1610
63 270 929 1991 1511 803 1925 438 1733 0 1 794 29 1724 445 2854 1849 2388 453 132 951 2830 2855 797 350 2091 2172 446 800 2317 1172 1435 1164 2418 2782 1173 718 2318 1248 355 367 2527 2309 785 480 2093 482 2744 1175 498 1809 13 14 2397 813 443 543 2856 136 44 1487 1787 486 1643
11 1257 637 1707 1589 650 105 660 668 676 1470 693
1 2857
35 744 1868 1511 549 2322 2136 1648 2823 834 1877 2673 721 2676 1885 661 664 559 2149 1533 2648 256 310 191 153 2370 1320 314 317 1866 318 1681 209 758 1255 218
21 929 28 1825 2371 2858 446 800 933 1272 1019 2419 775 462 1809 1141 2397 1363 136 44 1622 36
53 929 1517 1390 29 364 795 1060 537 2553 2522 1849 1286 408 132 232 2712 2855 2523 2781 715 1333 446 716 2317 933 1767 2859 1852 2782 542 718 2372 2318 786 2788 934 442 2528 119 2639 1291 461 1927 2529 2660 543 1854 2860 464 790 2530 395 372
15 2182 2721 2185 2375 1858 2861 2554 2754 1987 941 2810 436 437 2811 1040
9 1451 334 614 335 1674 616 1465 56 2281
27 49 73 2223 116 221 863 2862 2224 223 1094 523 341 2054 224 247 1102 1798 1559 2745 1373 2807 916 1671 767 703 1832 1610
17 2543 1748 102 781 376 1760 1710 1254 2863 933 2725 2620 2546 2713 2547 43 576
28 2531 348 2185 1821 2186 349 2864 1581 2189 352 1372 1172 1962 2005 392 2672 2788 1217 2208 2173 2191 1982 1116 359 547 1822 394 360
10 2865 1229 822 841 2139 170 893 992 2621 1636
14 1880 451 1169 266 982 1932 2597 2262 267 1936 1487 2586 2809 2368
57 548 148 2604 823 2321 2325 279 832 281 1074 1588 641 644 592 1042 220 747 652 328 1493 116 340 152 2109 2862 1090 1893 595 1999 877 882 403 2812 674 1807 1900 680 1602 154 107 688 690 2819 228 251 754 155 1496 1127 267 1671 531 1637 1129 1498 2159 1276
44 1194 412 2021 1527 551 1054 74 2178 593 1887 418 2677 2866 988 1593 1594 1531 728 1861 2679 880 558 1199 559 2060 1364 81 2064 83 2066 562 965 564 2357 1324 89 966 155 1325 916 1954 2405 735 1037
21 2865 822 488 347 29 947 2829 232 2599 294 539 1564 1956 621 542 379 381 382 1342 385 958
12 769 771 446 799 800 773 2309 2697 136 44 936 372
4 2229 2477 2810 2811
3 232 2867 2209
17 2868 46 2563 2234 2252 2666 1790 2253 189 2001 2565 58 1281 13 2869 1939 2566
20 1991 1641 2629 364 471 254 2855 1992 1289 2492 1271 441 774 1164 1019 541 718 677 784 480
8 1921 151 48 539 621 2152 533 407
4 148 526 913 566
7 166 944 1495 1411 195 1138 1911
9 2749 488 2100 585 379 380 382 2175 2681
16 2870 375 1169 39 539 1710 620 1438 355 2168 1486 755 44 2398 2424 793
12 67 830 1629 285 726 1593 1594 732 1119 1128 922 1205
33 2007 2839 1490 634 151 169 741 2145 1087 1396 2871 750 2214 2307 2348 189 2301 1942 683 1448 59 1349 267 2363 1509 742 229 1497 2160 768 2127 2219 1250
14 2872 1790 1186 1212 678 2001 1034 313 58 119 579 2405 2124 743
7 1632 2149 754 1275 1609 141 1135
8 165 1398 1824 770 292 119 2360 1838
3 976 2553 1994
1 1330
42 100 817 1394 163 2324 3 2104 1930 1074 836 840 2026 1273 948 853 2730 2107 2873 1695 1595 875 245 2111 881 885 2874 1666 900 1158 1339 1831 228 433 1714 754 2118 2077 2400 2119 2163 1803 1051
2 2769 2770
28 1393 1921 2661 279 1648 2328 2815 1196 591 2028 1881 115 521 862 245 2610 248 188 1666 1296 1108 2818 1245 1907 916 1660 319 2275
1 237
33 64 1930 2693 592 2829 73 1561 2665 2873 2342 1233 595 1372 1380 992 1495 1107 2152 602 2875 2069 1115 2194 606 2255 1123 1326 1387 95 1342 1343 2385 45
12 67 2330 845 501 1549 1000 300 1056 508 1552 1007 406
10 2008 47 1563 2235 53 2236 1338 60 61 1915
43 744 745 1872 2017 829 1875 1072 643 645 647 1881 851 2876 1886 2220 762 2345 874 974 557 667 877 304 884 185 1145 674 1533 249 891 2877 1901 1602 1697 686 912 1910 2405 921 705 97 1135 218
9 2878 261 448 348 1957 769 995 799 2879
57 1921 2016 2260 830 280 1629 1074 1527 721 1663 520 115 290 1232 152 177 76 105 1952 1367 1593 2380 1594 1095 2288 873 245 106 1101 990 308 561 2066 1110 2353 1699 1115 1116 1866 433 734 201 155 609 916 919 267 19 2157 967 922 211 923 612 1204 1918 1406
9 613 1256 1734 2692 539 2560 2880 397 385
1 2147
6 2771 2622 2631 2472 2269 467
7 1329 645 6 498 1035 20 45
10 746 2339 873 2056 381 2740 916 125 612 1204
21 1847 517 4 1825 171 287 1850 571 340 7 600 601 604 344 2391 398 2708 20 162 2394 1227
6 2498 2458 158 2269 2723 1487
5 1628 117 226 531 1130
21 1504 2727 769 2791 1287 388 1564 1505 799 809 2429 1506 355 13 443 235 368 136 1571 20 372
9 413 1461 526 677 1317 682 119 251 912
6 1283 948 122 123 956 410
11 1372 886 2069 1115 1123 916 92 97 1545 1190 1389
8 2251 1278 2252 741 2670 1281 1939 2566
2 1215 496
155 1488 1393 62 816 271 273 824 2605 276 1628 2325 2 279 829 1446 1268 2881 280 1648 1629 1072 635 1793 1074 835 2022 2023 1500 836 1195 839 1588 643 591 845 2177 2029 846 649 2031 1881 851 852 72 413 747 2213 1305 2407 74 656 2178 2035 415 289 2143 1493 1886 115 1722 340 1197 2609 1187 2108 222 293 2043 2220 1091 2046 2048 1595 181 1654 974 523 667 879 2215 1572 2425 246 403 305 884 2610 1144 1145 2059 187 526 888 308 1251 2221 249 188 1410 2437 80 991 2816 891 1669 1976 1365 1222 2877 2805 1666 1296 895 680 681 598 1200 1559 900 901 1297 1658 510 688 2882 1560 1245 2614 226 345 734 697 2719 2797 1909 914 2074 1659 1912 919 1983 531 210 921 1449 2227 2132 1832 711 2083 713 2471 1135 253 928
20 2596 2710 649 2883 1151 2458 2884 1162 2704 1137 313 2880 85 1969 1508 1619 235 2520 21 2849
7 989 897 898 405 267 162 2668
2 948 1575
10 1883 301 2256 186 1044 1320 1208 1339 2847 1803
5 274 2629 292 2534 464
9 2387 794 6 1522 1435 44 2708 1276 219
8 739 1813 1207 1535 82 405 622 742
29 100 1366 1155 822 1283 634 101 840 2445 2464 174 2266 721 944 539 1001 1896 2151 2806 11 1158 107 692 2070 606 267 385 958 1803
9 270 1764 1615 119 1778 1780 574 1443 1786
4 294 1024 2885 2886
11 804 3 1742 781 8 2418 597 600 2422 2247 20
1 1481
12 997 283 760 2465 116 1137 10 159 11 1006 1714 1606
27 1730 270 2516 448 1735 1737 1738 1740 1742 2577 1332 2859 2443 2372 2852 1774 498 1782 43 2659 607 368 2860 464 465 1787 1788
13 2243 771 1270 1992 799 809 2095 443 544 44 2887 2231 372
2 1286 1338
4 1556 1104 141 219
7 1745 769 995 37 1958 388 1176
13 100 516 101 2755 998 1577 1522 183 1900 1110 14 1801 97
34 1627 1792 824 1793 2024 72 1083 1663 2888 1086 105 419 1032 1522 352 1795 1102 677 1534 10 1903 196 1323 1907 2358 2384 724 319 320 267 742 1130 1132 2409
48 1867 1868 2567 2463 515 1041 339 1872 517 1944 157 1085 1043 2662 118 25 105 2268 304 671 186 1001 672 308 10 1320 563 1002 12 1908 1866 201 318 2505 1045 916 209 2157 2364 211 1046 2470 2506 1255 1917 709 1682 324
10 745 840 2407 2876 115 1808 119 1542 2131 1985
30 270 275 997 278 2729 280 1964 4 1692 1221 1153 301 2646 2647 9 1296 801 600 1968 1167 1969 2246 13 160 1555 16 2247 2513 162 371
19 164 275 997 2260 278 2536 2326 518 151 1219 178 763 876 1001 1807 10 227 19 531
6 2122 1870 2889 2123 2164 2124
1 1089
13 2802 584 537 492 931 376 996 2535 234 2658 460 2598 546
6 2205 2206 37 2167 583 961
7 2761 1857 37 1181 1726 583 1185
2 1168 1820
5 1851 1852 481 1926 484
74 271 63 272 273 1871 1646 149 165 2018 1357 2212 2755 49 1196 1078 2029 1399 1336 1079 1408 653 520 1369 749 1232 1557 118 25 1367 1695 1091 2380 1254 302 507 304 1198 1381 309 1899 992 10 1996 2370 682 1320 1903 2890 119 1202 1906 2621 2891 318 205 2505 1681 1910 206 2892 2360 1912 2362 1542 210 229 513 1801 1343 2131 1405 578 324 1406
17 1047 29 2166 30 1613 1753 1858 585 1962 677 119 2454 393 2192 357 385 2471
7 944 2253 2565 2770 1223 1939 2687
42 2820 2543 274 2323 980 165 569 779 981 2835 2331 624 1399 770 653 102 2504 571 292 1254 573 2541 1410 1808 367 2893 428 2713 119 2485 984 1202 2547 2894 985 156 267 1936 2274 2617 1984 2895
113 62 147 817 1298 2008 820 1920 1229 1921 2321 276 825 516 1301 242 2741 830 835 836 1877 1273 726 2608 591 844 72 853 1269 74 115 727 2040 1693 864 2043 1092 223 1593 1594 1310 873 2896 728 1192 1655 245 2111 596 422 2055 525 884 1598 990 887 526 1656 2148 2226 1364 2757 79 1242 80 891 892 2612 1103 2064 1601 1319 895 1901 1949 898 429 1723 1193 2897 2882 2621 529 1114 905 1523 1115 432 228 88 90 1909 530 206 916 1661 920 93 1954 967 921 1449 2077 735 2078 2366 1544 1801 736 1037 230 1058 1136 1719
7 2411 349 2864 2005 2898 2534 2831
6 2234 2236 56 1280 1035 1282
18 1178 1742 454 2662 1153 1970 1894 542 1951 9 2706 2650 498 1908 1555 608 2513 1620
2 13 1802
6 645 1186 1579 686 579 2124
17 2567 149 2297 1876 174 2268 2696 7 189 10 1696 1002 2847 1606 1510 1815 2794
20 1920 619 947 2166 50 1232 292 33 2716 1044 313 381 119 622 267 383 1915 1342 1575 533
2 2254 1475
8 2099 947 2730 122 1243 1714 35 125
4 2686 1282 2687 2814
9 1256 1734 1345 1013 123 1716 617 1444 1718
7 1047 2410 2710 2556 2856 211 793
586 1393 2820 2133 2006 269 744 271 111 1524 817 818 2134 2700 2543 1066 2653 1298 2702 2008 1299 274 1645 2010 2652 1937 1451 66 2433 588 823 745 2321 1871 986 2322 1069 1646 2323 1194 276 2136 149 2014 2324 980 825 165 1230 2260 2195 569 1647 2844 1301 1679 1739 2018 412 242 2019 2741 830 101 1268 720 1874 2286 1691 1072 518 1073 113 2815 1357 2212 981 2823 1074 834 2305 835 836 130 151 637 1877 1434 840 2329 2137 243 2481 746 2298 1302 285 726 1588 1706 2673 841 2331 1879 2824 1375 519 2139 551 591 2028 843 2177 1078 2029 2264 846 2445 1399 1590 286 170 2030 2674 2129 2764 244 1880 1029 1881 851 2335 1079 1080 72 2742 1826 854 1408 2141 2248 472 855 73 987 2197 2789 1269 721 1754 653 157 74 114 2337 1883 1084 2775 748 1577 656 387 2888 749 859 1085 1884 2035 2179 2504 415 2899 1649 2338 2142 2840 2038 1885 1030 1887 115 2180 1004 2039 103 340 2107 999 2040 117 2340 2900 861 862 1211 2145 2041 1396 1664 1889 1890 292 864 293 2110 1665 118 865 2043 76 25 2871 105 1694 1367 1501 1676 1631 1726 554 522 1091 2866 988 868 2901 2343 2380 1558 1594 1233 2369 982 297 2902 1254 664 871 1595 299 872 2569 2288 1310 1096 873 2289 2345 2570 2049 2896 1097 874 1654 77 2903 1999 728 983 1372 1655 876 1212 557 2545 245 2051 729 2111 2752 2052 524 302 7 329 2053 878 596 879 1572 353 2055 880 246 2533 525 2904 423 2812 2466 8 884 2610 1144 185 558 671 1100 306 1598 573 1979 885 2058 2059 2499 225 1101 990 731 187 1933 887 888 1165 1897 560 2147 2148 308 1381 2585 889 2061 2757 1316 309 2734 1533 2221 1242 1410 1808 677 2826 2346 80 991 2347 1899 310 2827 426 1382 892 1468 1365 1103 2758 2063 2064 2349 2905 2806 1600 312 2301 1319 1713 190 2906 191 2907 1034 153 1946 895 1901 313 428 897 898 1107 682 1236 1320 1657 2546 723 2446 1109 602 429 314 1536 732 119 899 603 315 2114 2352 2597 2262 900 2485 1006 1697 1112 194 684 2743 1604 316 1658 2818 1202 1552 1906 2547 510 2897 1831 1237 1007 2353 2621 331 903 691 1560 1114 2891 2273 955 2894 904 1245 693 2487 1116 345 26 1117 1537 227 1118 2070 2154 1866 2358 433 2071 734 2384 251 908 1784 2641 201 1540 203 204 2548 90 1121 2448 2072 1123 2073 1397 205 2797 1909 530 1385 2505 575 913 1349 1681 1910 206 2583 2892 2003 609 766 1659 1045 916 156 1785 2360 1124 2361 1912 2075 1829 1125 917 1661 2747 1386 2156 320 1935 2362 321 92 1404 322 93 1542 209 1203 1667 2117 531 2364 1954 967 1608 921 922 2365 2908 2158 2274 2579 2077 95 211 229 735 2078 1009 2469 1914 923 1046 323 1916 1638 1544 2080 1801 1510 2909 1239 1343 2368 1255 1917 1405 708 406 612 1130 2081 709 2910 1412 768 2911 710 577 214 2176 324 1204 2617 1037 532 2385 2912 2250 2913 1227 1918 1276 1388 533 1135 2759 1136 1919 217 2914 1985 2514 2794 2767 2703 1406 926 928
16 2260 2326 1500 1548 1665 1808 2816 1669 683 684 1560 204 609 267 1662 2915
16 2761 2449 2655 2692 1400 294 1950 1403 582 2230 313 119 1987 2455 791 45
14 274 2786 653 2899 292 1254 306 256 1410 119 1202 1909 575 19
17 130 151 2608 2029 170 2750 353 677 1248 2174 1811 1202 2621 1605 530 410 2161
9 795 1060 2684 1391 2916 128 2917 464 1988
16 2199 1490 827 2333 1376 102 2434 2465 1254 1596 729 1103 893 894 2114 1202
3 1774 1005 119
62 817 63 1298 1870 549 67 2821 2606 2918 2019 1072 518 2330 173 651 2919 2213 176 2609 2920 2044 554 1092 762 2048 974 751 523 1655 2215 1895 2610 1199 1632 1315 425 2346 1146 1599 2905 1666 680 313 85 1252 906 432 733 695 911 609 565 566 975 211 756 2366 2910 2275 1135 1368 1719
9 2921 1456 2692 51 1228 1482 701 1574 2120
8 2430 408 132 353 1967 785 2432 2484
11 2012 1629 2600 2108 2901 509 2067 1245 693 1667 2222
11 2922 449 29 457 1727 2748 461 1809 1363 1928 790
9 1745 4 1219 6 13 2651 16 20 1802
8 779 1724 2923 2852 2476 2478 1521 793
33 1731 1646 2323 980 2764 102 266 2369 982 1254 2863 2545 1932 573 1933 2541 2382 2893 2546 2485 984 985 2194 2886 2548 575 156 1936 1449 2274 2550 2617 110
9 1920 2570 665 306 1436 984 1715 2579 2767
5 653 232 2545 119 2455
51 147 1065 1937 2604 2661 739 1526 2324 412 242 1028 2457 1195 591 1794 1810 1086 1378 293 178 2045 1093 762 1862 596 1863 2054 1896 1102 1338 1107 1855 250 1110 1905 87 1540 909 2808 530 91 1387 2079 2131 1672 612 1130 1132 532 98 2409
9 347 232 1211 353 2753 235 236 1544 385
60 1065 64 1066 272 2009 1068 986 1194 412 833 243 71 848 1080 72 1303 1528 1082 75 2036 1378 293 865 76 1952 1593 1093 2344 1531 1372 875 422 1312 880 1953 2795 78 79 1318 1103 1319 2066 896 1107 1193 86 2924 2680 916 91 1126 92 2925 1954 922 735 96 1131 1204 2219
11 1991 453 408 132 440 1992 715 2492 1174 1839 443
2 2769 2770
36 270 1 278 1742 2387 794 1745 4 283 1850 1150 6 2662 2091 2342 800 7 8 1435 784 1773 785 2706 601 2093 11 2832 498 13 14 605 160 1784 2513 162 326
11 261 2531 2411 1958 262 306 2190 1582 119 1961 955
8 2926 1353 2692 1160 1951 1713 2422 2650
9 614 653 1458 1461 616 1261 119 1014 2595
3 239 1777 2927
71 1393 816 2928 1065 2013 2821 2017 1156 1074 2929 1195 2481 49 592 1590 327 1408 2143 741 1409 861 2108 2920 1274 76 866 761 1093 2146 351 2214 2678 751 877 329 506 305 1380 139 677 1103 1104 1296 680 562 2068 602 899 85 1252 693 1523 2487 1115 89 90 1122 1123 1349 155 1275 91 919 2682 93 141 791 710 1389 1368 1205
27 2701 823 1871 634 151 637 638 2755 1880 1886 293 750 403 1295 309 1946 227 2154 696 2847 206 2303 2364 211 1497 323 2160
3 649 665 1680
18 2921 2930 824 23 168 294 2768 2170 306 238 1228 2705 737 1482 15 1837 580 2931
11 536 769 452 2371 800 1271 773 2309 543 136 44
9 149 174 292 306 1024 1005 119 2915 45
20 2449 2932 363 2933 949 37 2861 539 2229 1172 581 2725 718 2230 1484 786 2455 443 791 793
4 2693 1247 2736 1811
24 2098 1178 347 517 376 6 178 2342 1894 183 1435 784 2217 459 381 2788 1348 409 498 605 2837 1913 1554 20
181 271 2702 1947 2008 274 2652 515 1871 2444 2014 633 1955 516 101 720 2881 2503 635 113 2212 834 1877 840 2481 726 49 841 71 2139 1196 646 845 2445 170 2129 1880 552 72 747 2336 2248 73 987 2789 653 74 114 1369 944 859 1085 951 289 2142 6 115 1191 2180 266 2435 290 103 291 32 1231 1396 118 25 2871 1694 1447 1695 522 2866 988 989 2344 2380 1337 2214 1254 179 77 2756 245 596 456 304 1013 185 671 2594 1380 307 885 990 1806 187 1403 1295 122 1242 1410 677 2347 310 2804 2383 2612 893 190 1034 343 1105 681 598 1902 1320 1855 119 2262 1158 194 2743 316 317 2818 1223 1202 1245 1115 432 2194 2154 200 35 251 1817 318 89 203 2448 16 2797 1909 2155 109 206 1659 2740 2796 267 1636 2157 1387 1509 967 95 211 1543 1638 2132 791 1239 708 2160 385 1672 2683 612 768 1682 710 1133 2162 2163 533 253 2703 535 928
4 2186 1172 1962 2423
12 2186 232 1563 377 2256 56 2200 2217 1387 1509 2193 407
1 1650
30 2202 1159 364 769 771 930 388 797 446 800 1272 1804 774 1164 718 1727 2453 480 128 1779 935 461 1442 2168 813 544 136 44 370 372
10 591 115 1693 1092 728 78 88 89 735 1058
1 2934
4 0 2722 2584 2762
73 62 147 744 1644 1947 549 829 1446 150 589 2329 2824 647 2675 72 175 1305 176 414 1577 657 593 1085 289 865 1593 1531 299 2679 878 1312 2904 304 305 670 730 1199 559 675 1580 1315 79 1251 677 2826 83 895 896 1200 314 1677 1905 687 902 318 912 698 1681 1325 1661 919 2682 321 1983 209 758 2683 2275 736 325 217 218 927
26 270 2201 569 1179 2460 1748 2684 350 446 625 800 1437 718 43 2168 1363 1928 368 136 44 464 465 936 2203 802 372
502 2603 2820 62 2928 1065 1731 2700 2543 1868 1990 2576 1298 2007 272 273 1489 274 548 630 148 623 2463 1937 1451 66 631 1974 745 759 1870 1871 346 824 129 1641 1646 2761 2323 1823 2507 149 2803 1675 980 67 165 2521 569 2844 2774 2821 68 1567 570 277 1679 1612 2018 412 279 69 2304 1446 1028 1873 2587 831 2327 1875 1629 794 1072 1329 2622 2822 635 1848 740 589 1930 1357 2823 1074 1743 2305 2023 1398 1077 151 938 550 839 2572 1747 1413 725 1825 168 285 641 643 49 644 645 2331 1879 842 1859 2824 1375 519 2028 2698 844 845 1414 264 1454 2029 1945 2508 1399 770 2030 2764 37 1880 173 1029 1881 72 327 1826 1528 854 1931 2834 1754 232 2532 1207 74 2337 1547 1883 2034 1306 858 973 2712 1085 1884 1416 388 964 1417 2504 1307 1400 2840 1885 1030 1887 266 2776 571 291 1043 999 2040 2340 2900 1308 152 1652 572 1087 1396 2108 1664 1568 1578 1889 2619 594 1160 1760 1274 118 294 2836 417 1952 1367 1501 418 2677 2479 1726 1447 1710 1379 2935 2699 2341 1419 807 868 1171 2046 1593 1309 2047 2343 2624 2582 1558 2369 446 419 2902 1254 299 2288 1031 2345 1401 300 421 1032 2632 2509 1654 77 974 2903 1402 2307 983 1212 2545 729 877 524 1827 878 1572 303 353 2425 880 960 2825 2533 2646 2500 2466 8 2170 305 2610 185 1099 810 2778 2594 306 1598 573 1979 722 2633 2499 2795 1933 887 2418 1403 1580 2148 1381 2382 78 1358 188 2648 1410 1808 1898 677 2826 80 2062 891 2620 81 310 2827 426 1382 1599 894 2893 992 2408 191 785 10 1296 1034 153 895 1582 2724 680 313 2511 428 2575 1902 1383 1320 1903 1108 154 1855 2713 1856 1536 732 965 119 1904 315 2352 430 683 2262 2485 1166 12 85 1677 86 1429 2422 1167 2817 1905 317 1202 2319 1906 685 2547 1780 510 2897 688 2512 1323 689 462 1114 2891 2355 1035 198 2894 904 1982 906 2714 1115 13 26 1617 1117 1537 1538 605 1539 2194 2615 1866 1036 734 1618 2641 318 1540 966 2719 813 2247 1909 530 2271 1385 575 1681 755 155 2003 1607 156 2361 1829 917 1275 91 919 320 267 920 321 92 1404 2393 1983 2363 93 136 2549 94 1954 44 1327 922 2365 742 2076 743 567 1543 735 2469 2366 790 2586 1916 2589 1432 2931 465 2367 332 2809 2368 96 1405 1838 2081 97 2910 768 2293 1682 162 577 1545 214 2715 578 2176 547 324 333 2617 736 1133 1037 98 2084 1227 1918 1433 215 815 1388 2471 1135 1919 45 1984 2849 1985 2424 2514 394 2794 1368 1719 2767 1584 1205 1406 2895 2488 2294 360 928
7 411 1792 2021 1593 2936 1536 2849
6 1214 1179 1705 1182 1616 1721
50 744 516 101 2608 841 1881 851 1079 2248 1663 520 857 1810 116 104 117 1653 862 1211 594 988 1893 2380 1097 523 245 879 2058 2226 1666 680 563 1384 1448 688 1237 331 2487 1115 2155 754 2747 267 1671 920 1636 1542 757 1610 928
132 147 111 1066 112 1068 411 2013 2324 825 2017 827 412 2211 1028 830 2881 1648 2328 833 2021 1074 1195 2025 243 591 2027 2028 170 1054 72 1528 73 1030 115 1722 2039 1197 1087 2042 293 76 2044 1952 1676 295 798 989 1593 1093 1594 1096 2289 728 1372 875 729 596 422 1532 1863 1572 2055 880 730 1099 1056 1100 2057 306 1380 1953 885 722 886 1806 1241 342 1410 991 1938 892 1103 1319 2066 1106 1728 1107 250 1111 86 1603 1604 2069 1202 405 1969 1831 1323 431 1115 1116 87 1224 2181 1119 433 89 1540 966 90 1123 754 916 91 267 920 94 1203 2117 922 2076 95 735 2078 97 1412 1131 1204 1059 2914 99 1205
3 1561 2187 2925
69 100 2567 2103 1920 2839 2433 825 1490 1301 347 2881 831 1434 1588 49 71 592 244 1408 1269 2142 1650 2037 115 2043 76 105 867 989 762 750 2214 871 1371 874 1999 2054 881 1668 2594 2059 1807 34 1666 527 2671 381 1107 1865 107 753 1907 1116 2070 908 1817 2538 2459 1275 267 2157 210 742 704 1497 1255 1672 533 2767
37 100 1394 1395 1920 1921 515 101 853 1408 2141 944 2338 2038 860 2145 1089 2146 2570 2756 1192 876 525 889 897 898 1158 1252 1237 529 227 228 2115 204 1275 2156 2158 2078
7 48 1547 654 2937 82 692 2690
10 816 2002 747 879 2936 1669 1666 732 2352 906
4 2228 2229 1172 2477
8 1422 1423 496 1429 1167 626 1432 1643
1 432
3 265 1785 268
7 126 1846 37 1970 256 2917 44
1 2711
5 1025 1709 1471 2938 1479
8 2185 2497 640 1172 2382 2832 1213 2196
8 1366 2195 831 49 2765 1931 1207 1796
6 2587 450 445 1400 119 2939
10 2603 571 1254 306 1410 119 2485 2194 2274 2488
3 260 2940 1172
11 1355 2205 260 2206 2799 2940 2207 2941 24 2534 961
5 2306 2825 2500 306 2586
4 795 2525 2859 1555
28 803 361 2202 1517 1159 151 1751 930 799 1506 1164 480 1981 1809 1618 2766 626 368 2519 136 44 971 2204 369 936 1820 2942 372
12 803 2313 445 1760 2316 1289 1164 1809 813 543 2581 2943
5 849 245 596 896 690
13 822 947 2166 1247 1959 893 2736 1811 1291 2101 235 958 586
4 347 52 2381 234
6 347 2741 1048 381 385 1051
4 1991 1413 453 292
5 52 2381 2711 1569 1570
3 151 1348 1470
8 1355 2205 2206 2207 2188 2941 2561 961
5 623 624 1414 2944 1774
1 1770
44 2603 2820 274 2803 2521 1739 1874 834 2835 2629 1747 2508 1750 2945 2789 387 1885 2776 291 1514 292 2935 303 1808 677 2620 311 2906 428 2546 119 1202 985 2548 575 1934 1785 1935 2364 2405 2365 2274 211 2368
16 1284 28 2842 769 1565 2730 32 1568 1288 441 717 2527 2784 134 2397 444
4 2171 1581 1157 2173
18 1065 68 2330 413 115 2044 989 1550 422 677 427 509 1907 1553 512 1542 212 2222
13 1393 744 1395 2407 1548 2143 1000 1998 329 508 1103 1116 95
10 126 1513 1360 2266 2315 1162 498 2095 1620 465
13 470 2946 132 931 350 355 2421 1243 481 2173 1485 788 485
2 633 236
19 278 794 1744 363 1745 771 1725 2855 2656 784 1778 1507 443 368 44 1487 464 1820 1989
6 346 0 3 2590 13 1687
1 1714
9 2185 1821 349 1172 2005 392 1217 359 394
13 2603 2786 980 29 376 1564 1254 2893 1582 984 985 1866 1936
16 1611 1877 843 1614 656 865 1000 299 303 881 1147 679 1200 693 694 1135
4 1206 2465 189 1942
13 2507 569 1724 995 292 718 355 313 1352 43 2947 44 802
1 1330
62 1066 112 2010 1068 1069 242 1070 2328 113 2305 2025 1273 71 591 845 592 1079 73 1304 2034 1084 1377 115 2039 1197 117 76 1379 1090 1093 1594 1372 245 729 329 596 2948 1381 78 991 404 1103 1601 1107 1383 723 250 1112 1202 1115 1119 433 90 1123 1386 1667 95 1405 1204 1136 99 1205
3 2727 954 494
2 237 238
6 1753 292 2949 306 2534 2950
16 1729 1512 274 2945 1514 292 2278 718 1774 119 1352 43 1686 136 627 2838
14 1700 149 2282 1345 1025 142 1460 1468 1470 145 1264 1444 1717 1445
19 744 2839 1074 834 998 1881 656 180 7 8 1807 191 313 1697 207 267 2303 1542 217
3 33 1811 397
9 2951 930 440 774 1019 718 480 2927 543
21 2201 969 2388 2952 408 1219 1725 1150 2472 1992 1435 2953 1248 1174 813 1924 2461 135 444 971 2954
5 1611 274 278 338 136
15 273 2304 938 2618 2698 1029 1212 2440 2778 306 2174 1034 1035 2176 45
6 623 121 376 2453 1243 2515
7 718 2319 461 1363 1928 136 44
152 816 738 1065 1525 2009 1626 2661 411 824 1194 2013 67 1628 2821 1301 2606 2018 412 69 242 150 113 2021 1076 2025 168 285 2031 244 72 854 1492 1376 747 175 176 2407 857 2379 2178 858 1591 2036 1548 1197 117 2609 2108 1378 293 865 76 1676 661 868 1093 762 420 2678 181 974 1596 666 667 877 524 2053 878 422 2215 507 305 2610 1144 2057 1632 674 2499 886 187 139 890 78 2936 2221 425 1410 1102 2347 891 1318 426 2611 1146 892 1147 1600 312 1666 1319 680 313 1106 1107 1383 1657 1559 1321 1602 2890 900 1677 1297 1604 317 1202 1906 1252 688 2955 87 733 2181 2956 966 911 697 754 914 2359 917 1127 920 1203 921 1637 1129 735 96 1131 1132 2082 1037 2083 2084 2913 713 1388 217 253 99 1205
1 2933
1 620
12 1940 2761 2655 1287 1858 2229 239 381 622 2766 357 359
5 1286 799 85 2175 1487
10 2653 274 623 569 2957 387 292 573 43 2643
14 1611 2928 1731 1452 168 843 2508 649 1459 1026 1153 510 1908 1036
11 28 946 29 2688 951 2435 1335 2200 1714 956 2441
9 1562 749 2300 2235 76 2565 2164 2127 2409
5 1179 1215 1184 1970 2958
14 1921 1230 1079 2179 1396 1796 2734 1242 1053 381 1698 2851 1131 1205
22 2386 2165 149 3 947 23 1583 504 118 352 1248 2174 159 955 14 338 1685 2480 398 2708 2959 1227
6 445 2593 132 473 2416 1927
1 1039
7 1155 2922 500 944 1187 10 2690
4 2522 2898 2230 359
76 623 1284 2960 2552 2387 2242 1923 2243 2491 2961 1965 492 2464 471 453 472 131 1415 132 473 2883 1561 474 2573 349 2631 475 939 476 1288 716 970 1153 2953 1423 540 1425 717 2790 2782 2574 541 2962 2527 2421 2245 480 2575 2493 1839 1175 393 134 2392 483 35 443 1924 2116 1840 1854 135 2519 485 44 2373 1176 2400 2589 2581 792 359 2131 2773 2530 2494
5 618 1458 1463 379 1016
19 2868 46 2963 2251 2252 741 2666 1790 1186 2236 2253 330 2670 313 2565 1280 1281 2964 2124
14 2202 794 769 2371 2186 446 1272 1727 2309 1809 368 2204 370 372
14 1868 2136 2803 1077 2028 1884 1891 185 675 1904 1697 317 2361 209
2 2829 2716
33 111 548 2010 759 242 830 1072 2607 113 243 2106 2379 115 2109 76 1594 245 596 879 1100 248 1103 1666 1107 1245 1115 228 433 155 916 922 1134 1135
7 30 376 381 545 958 937 1820
9 947 2693 1565 2599 306 2174 381 2556 1342
4 960 306 119 1429
8 2266 1032 1212 677 119 1007 1009 568
2 52 234
4 799 1842 2372 971
26 2473 2721 1940 261 2186 2532 2861 2228 262 1172 2005 2898 1950 2782 2800 2190 2672 355 1582 787 2173 1777 1961 44 961 1040
2 1997 2502
5 2234 2565 1715 2964 2124
5 947 1689 1564 1715 2161
27 2312 769 265 2371 771 930 1756 446 799 809 800 1272 773 1019 718 775 2309 2453 935 461 1809 2697 136 44 2204 936 372
41 270 1516 1640 1732 2201 2965 1733 2241 2 1742 2772 1745 1413 1725 366 2631 2472 2431 2966 2632 1435 2244 478 9 1034 459 1776 2432 2490 15 160 1555 2967 2513 2461 1788 486 1789 467 2954 371
11 1991 2551 439 969 2474 453 1992 1175 443 137 495
17 270 1732 452 1586 2277 2966 772 478 1771 1775 2968 2094 498 2095 135 136 1587
12 2771 362 49 2267 1377 2458 186 1380 991 85 406 2841
8 1813 2090 1814 509 2237 742 1255 2794
9 2025 284 71 845 2044 2048 2308 406 1205
13 794 1159 1725 2657 1726 715 811 1619 136 44 1620 2424 372
16 591 115 1087 245 596 422 991 1103 1373 1448 1604 1202 1115 916 267 967
33 1683 2210 1734 1 278 130 283 2267 1860 2884 1894 7 2170 1437 2113 2705 159 11 2969 2970 1686 1714 2196 2707 2393 1837 2708 2931 161 385 20 958 568
15 822 445 2854 538 132 1754 1992 715 2399 2467 443 1021 1176 1554 2942
7 168 1375 415 77 992 1980 768
12 274 1398 2835 1757 292 1221 2836 1254 984 2837 332 2838
8 150 2815 286 1895 1144 2905 2370 2511
12 2603 2820 2296 980 102 266 329 2594 2971 984 267 2767
5 2593 2574 1555 135 1642
12 434 1547 1858 435 2229 1172 1403 941 2423 1039 437 45
19 2820 2543 2653 1489 1646 2296 980 981 292 118 982 2902 983 1932 1808 428 2597 2598 2895
3 1047 2556 1342
13 771 1270 797 350 446 800 1435 718 2453 935 1442 136 44
13 164 634 981 2138 1812 473 1494 881 34 1811 510 1866 267
8 232 2830 2555 1048 306 1053 119 2455
16 1870 1500 1562 741 2479 1012 2307 1899 313 58 119 85 60 768 2849 2127
15 1393 63 2606 747 1888 2920 118 751 119 85 1202 1908 1639 97 1131
4 2067 2115 2117 2119
21 412 2020 49 1546 655 2665 293 54 1380 404 83 1193 405 1115 694 1120 1225 406 1131 1678 1205
5 2951 2972 2973 2867 410
8 1526 49 1522 1573 405 267 742 704
3 621 1007 1837
7 347 794 232 2725 379 44 958
4 126 2974 38 1843
52 270 1640 2771 2975 1742 489 2087 171 502 781 1150 6 2472 797 2431 1762 939 660 351 180 772 1615 301 506 2646 2170 1967 186 2418 2648 9 597 2649 601 12 1780 13 605 2518 15 608 2967 2263 1800 19 1687 1642 1788 162 710 2773 972
8 1206 651 2465 504 2777 2382 1606 514
9 2251 2252 741 2253 2001 1281 2869 1939 2566
7 2326 637 2306 2342 689 197 2471
5 929 2591 1472 545 1487
26 2103 1301 71 592 653 2038 2145 292 76 1093 1999 728 1372 729 78 1410 991 1106 1107 1202 1115 89 95 2586 97 1205
4 1332 379 464 1988
4 2653 2629 1215 333
3 2121 254 1787
26 270 1733 164 997 1218 1847 2729 2233 4 5 1752 294 105 1153 2647 1261 1222 801 600 1968 11 2875 13 2651 16 22
10 2544 1675 1679 1434 2976 266 158 2971 267 372
6 1818 1261 1440 2938 2169 1475
5 2928 149 649 2919 665
37 1990 1299 273 828 280 635 130 151 445 648 849 654 77 2732 1372 8 1228 508 10 1383 1320 1856 119 11 1906 510 16 2496 44 1543 2367 1510 2809 97 20 2471 45
14 1955 347 947 1286 1287 2428 1247 782 2725 123 124 236 385 36
20 0 1 1673 1878 283 1018 6 2342 1860 7 1435 2647 9 1222 10 12 13 14 1341 2394
14 275 2977 634 2388 2937 351 1522 352 2571 782 2390 785 2856 793
4 2769 313 119 2770
5 2428 377 2716 2128 1142
7 1611 2799 1334 1762 1163 459 2455
3 119 1972 2400
3 1061 1555 1392
28 2820 1351 2698 1931 2789 1754 653 2840 1885 266 1043 2479 1379 303 887 1899 2827 2724 897 1383 1397 1385 1659 267 1046 1984 2849 2488
10 1991 490 472 715 800 1062 1435 774 1021 371
67 66 2015 1301 1028 725 551 844 2032 1029 851 1269 288 1887 115 291 2339 553 594 2042 293 2043 1091 871 421 874 2509 1654 77 1998 1999 2679 2055 2056 423 558 2778 1314 560 1364 1315 78 1410 991 1976 1103 1666 1321 2114 1202 2512 2355 904 2714 26 1538 88 754 1659 916 920 1542 922 2077 923 406 2082 533
8 1734 1978 118 539 1024 1039 436 1227
44 1640 1489 803 804 2654 805 2121 2772 2596 283 1725 366 1270 806 2631 1762 2656 807 809 2458 1929 1804 2953 810 1164 493 2318 459 428 599 2978 2094 14 2518 813 2247 576 136 44 577 466 815 395 372
5 1526 1549 82 267 1205
2 1247 2452
6 1357 653 57 2238 60 45
5 2234 2846 1480 2670 58
13 831 947 49 2100 1087 1676 2225 139 1193 123 1553 766 407
46 2928 1511 623 2828 1641 2507 277 2627 1148 1413 1414 2276 387 1417 571 1514 292 1760 1762 1419 807 625 1827 2646 1424 225 1410 2620 191 1428 1167 1430 1816 2319 497 1720 2501 13 2886 2280 44 577 1643 2514 2502 2488
2 2979 2564
6 2223 1722 1409 341 403 252
10 2122 1229 1572 677 992 2262 1202 202 511 926
7 29 2491 132 784 458 459 44
1 274
9 1869 2314 1930 595 119 160 1829 19 1406
5 1701 2870 2560 2398 2281
54 803 536 794 1825 769 445 770 2952 771 538 132 232 292 1221 539 1992 1289 446 799 809 800 1271 1062 2539 1804 2416 774 306 1164 1019 541 718 355 776 2588 313 381 480 119 1809 2096 813 2967 463 543 544 368 136 44 719 385 958 577 372
4 1791 342 1774 1728
1 1817
9 2596 2883 2861 1505 2458 774 1508 546 2520
3 1246 633 1971
12 1947 1626 1074 747 289 2143 1396 188 2062 1317 429 1536
5 1941 1813 2252 313 2565
11 2768 1228 1005 600 2737 1482 16 240 580 20 793
1 45
48 1393 1366 64 2821 1028 70 947 1074 2929 1195 71 592 848 1546 1376 1408 288 655 1810 1370 1087 1274 76 1447 761 299 730 1380 1314 78 2408 1107 2068 965 1193 1523 1115 87 1119 1123 1275 91 92 1128 141 757 2409 1205
7 1161 479 459 381 2093 2432 2097
9 2960 1211 1564 377 2417 33 2467 1943 1820
8 1414 1415 1423 1425 1427 1167 1431 2980
5 803 930 1852 480 1622
15 2019 1195 49 420 1522 2717 1188 1552 2426 267 742 1210 2471 2981 1205
10 623 255 2500 2633 1167 1430 576 626 1788 1789
13 1821 1418 2498 1172 2269 1425 2574 1427 1217 1167 1431 626 2980
17 1246 231 536 947 771 2428 1505 960 2290 786 2978 1340 35 136 2520 2663 372
12 274 2331 1881 102 292 225 526 2226 2877 2805 2713 253
3 33 2982 2209
12 2121 771 930 809 800 1271 1019 718 1290 775 119 44
4 538 1753 44 2943
13 536 769 976 445 255 799 367 1809 2856 368 136 44 2204
8 2121 537 376 2091 379 460 462 2424
8 2820 2844 2479 1899 2827 1383 1202 1984
6 2870 1149 144 620 1036 1444
3 2727 947 1484
7 49 2665 741 1888 405 1120 742
9 623 1414 1171 1421 1167 1720 2280 626 2502
7 2761 347 592 2829 596 2419 1204
19 929 29 151 30 1613 2522 1285 2952 131 232 2858 714 1505 933 379 1926 1142 486 2838
10 2751 167 169 328 951 1695 2214 2261 2671 203
37 1731 2202 769 930 1753 1170 932 2983 455 796 809 2787 2317 2949 1019 718 775 367 480 2853 442 2528 2319 2310 1141 2397 1928 545 258 2519 2984 44 2204 1622 2320 369 372
10 3 2729 327 1137 2969 1552 1553 16 406 253
39 744 1731 2751 1940 633 825 1673 151 856 1011 2339 105 1501 1959 2289 337 352 729 1572 1099 783 306 2879 10 1582 1901 2669 2738 2310 1659 17 124 1661 210 2400 2119 97 20 943
6 2098 102 2692 376 454 539
3 2295 294 2880
4 969 408 440 137
5 1700 1624 2254 1024 607
5 2277 2985 2635 2280 1587
6 1707 1464 992 1470 2396 1016
14 2135 1155 500 1206 502 503 1293 306 1436 1294 1865 1680 208 710
2 2627 2966
107 271 1731 2700 63 1868 273 274 2463 2544 149 1206 277 3 829 280 1629 635 1074 1743 1413 643 998 844 2264 770 171 2764 413 1754 657 973 1085 289 2876 2776 658 1396 1890 292 1760 1891 118 105 1710 868 1558 1254 506 1572 2425 881 507 1797 8 186 306 1979 672 764 2499 2889 1808 2826 678 891 2348 189 992 191 313 2350 682 119 11 12 1697 85 1777 688 689 2354 955 904 1699 1828 1866 1120 1817 318 530 2720 2271 575 755 156 1829 610 1404 2958 743 211 213 20 768 45 2514 2294
4 52 2535 1172 234
15 2183 2185 2923 2186 1958 1581 2189 1172 392 2420 1582 1217 2191 1961 393
6 3 2768 1684 119 11 2651
3 56 313 119
6 536 1825 292 2620 2406 1809
19 1731 29 1706 2986 376 2498 2200 2962 381 1977 119 2658 1430 2191 15 1487 137 359 1787
52 2921 777 448 997 633 489 1673 2295 2688 2388 1689 1038 376 6 1220 294 797 350 2462 1834 800 1465 1272 2768 773 1967 33 2200 1228 1410 954 381 787 2833 119 409 1223 1969 2651 2938 2886 979 16 437 789 235 44 791 213 20 2120 1227
9 739 412 2020 49 1535 82 405 742 1132
22 270 1168 1990 149 947 2618 474 6 389 2732 782 447 382 119 1007 1686 2455 1715 755 580 2126 1227
19 2010 1073 2026 1273 71 591 2177 592 1211 1594 422 248 2446 119 1193 1115 922 1131 2085
15 1871 1872 998 171 1881 1794 1886 1899 193 1188 2302 2538 1681 213 218
34 2771 1733 28 1283 1 489 2242 1724 408 1725 366 939 2091 1505 799 809 1361 352 1956 540 2244 2790 1290 1773 1582 2706 134 123 2392 1924 2589 369 1802 2773
1 1991
7 28 1517 2854 2317 2852 443 2373
16 2987 434 2375 1546 1958 582 583 2230 2754 2988 1981 941 2810 24 437 2218
21 2828 781 6 1215 1842 1970 2916 542 775 1774 2422 2970 2602 2095 1443 1686 1142 2709 20 2580 326
10 769 366 2989 799 2416 459 1779 544 1622 372
4 589 2929 1302 1127
11 2098 2786 70 539 1254 542 1582 460 790 385 2617
6 2664 1207 82 2717 1523 531
12 285 2028 845 74 2900 887 308 895 313 1604 1659 2981
8 118 1221 300 313 119 14 1224 2837
